chr1	181210	181448	0.207	0.093	0.0621	High
chr1	909169	909479	0.317	0.109	0.135042	High
chr1	964624	964773	0.413	0.01	0.174699	High
chr1	1288543	1289312	0.117	0.102	0.025623	High
chr1	1289015	1289092	0.143	0.085	0.032604	High
chr1	1289592	1289846	0.18	0.028	0.03744	High
chr1	2669928	2670489	-0.126	-0.114	0.03024	Low
chr1	2949573	2949719	0.248	0.239	0.120776	High
chr1	2960007	2960126	-0.166	-0.042	0.034528	Low
chr1	3892303	3892532	0.075	0.105	0.0135	High
chr1	4065805	4066364	0.219	0.044	0.057597	High
chr1	7864891	7865112	0.22	0.248	0.10296	High
chr1	10744344	10744511	-0.344	-0.335	0.233576	Low
chr1	16744928	16746691	-0.2	-0.095	0.059	Low
chr1	16950111	16950404	0.431	0.307	0.318078	High
chr1	17241451	17241594	-0.163	-0.205	0.059984	Low
chr1	21388126	21388224	-0.146	-0.151	0.043362	Low
chr1	21388884	21389105	0.167	0.043	0.03507	High
chr1	21459925	21460196	0.292	0.288	0.16936	High
chr1	23993614	23993987	0.165	0.096	0.043065	High
chr1	24478046	24480949	0.136	0.1	0.032096	High
chr1	26163321	26163646	0.577	0.521	0.633546	High
chr1	30567797	30568811	0.224	0.227	0.101024	High
chr1	31176905	31177031	0.307	0.047	0.108678	High
chr1	32974280	32974406	0.038	0.562	0.0228	High
chr1	43106314	43107074	0.148	0.363	0.075628	High
chr1	53129453	53129930	-0.173	-0.252	0.073525	Low
chr1	62157260	62158656	0.342	0.091	0.148086	High
chr1	66735521	66735852	0.093	0.289	0.035526	High
chr1	67542278	67543132	0.09	0.229	0.02871	High
chr1	80653734	80654043	0.288	0.11	0.114624	High
chr1	80728656	80728982	0.62	0.604	0.75888	High
chr1	92017613	92018594	-0.222	-0.048	0.05994	Low
chr1	109059974	109060667	-0.136	-0.011	0.019992	Low
chr1	109644541	109648772	0.072	0.304	0.027072	High
chr1	113068700	113071154	0.479	0.189	0.319972	High
chr1	113257006	113257467	0.143	0.106	0.035607	High
chr1	116535542	116535862	0.097	0.012	0.010573	High
chr1	121618819	121619354	-0.179	-0.186	0.065335	Low
chr1	121881148	121884880	0.086	0.1	0.015996	High
chr1	124806235	124807763	-0.099	-0.03	0.012771	Low
chr1	124861066	124862596	-0.182	-0.124	0.055692	Low
chr1	124878794	124880326	-0.12	-0.109	0.02748	Low
chr1	144152558	144152769	0.17	0.218	0.06596	High
chr1	144813563	144813932	0.135	0.135	0.03645	High
chr1	145303161	145309524	0.043	0.213	0.011008	High
chr1	146074349	146077544	-0.148	-0.16	0.045584	Low
chr1	146136989	146143284	0.146	-0.073	0.010658	Others
chr1	155190852	155191421	0.209	0.016	0.047025	High
chr1	158991561	158996410	0.204	0.132	0.068544	High
chr1	161281759	161281832	0.09	0.104	0.01746	High
chr1	161423200	161423553	0.033	0.42	0.014949	High
chr1	207667717	207672468	-0.273	-0.536	0.220857	Low
chr1	209904722	209912631	-0.177	0.001	0.031152	Others
chr1	222488377	222488549	0.114	0.026	0.01596	High
chr1	226978542	226978917	0.09	0.105	0.01755	High
chr1	232287372	232287699	0.222	0.306	0.117216	High
chr1	232639783	232640096	0.31	0.361	0.20801	High
chr1	235294405	235294559	0.083	0.168	0.020833	High
chr1	236385786	236388028	0.357	0.12	0.170289	High
chr1	236431625	236431949	0.107	0.235	0.036594	High
chr1	236756379	236757014	0.201	0.175	0.075576	High
chr1	240986556	240986880	0.268	0.415	0.183044	High
chr1	247115882	247116065	0.09	0.221	0.02799	High
chr1	247116568	247118035	0.183	0.058	0.044103	High
chr1	247116614	247117071	0.17	0.07	0.0408	High
chr1	247406228	247406457	0.497	0.074	0.283787	High
chr1	248675029	248675934	-0.124	-0.036	0.01984	Low
chr2	68152	68311	0.337	0.164	0.168837	High
chr2	197765	197815	0.096	0.182	0.026688	High
chr2	307119	307573	0.056	0.134	0.01064	High
chr2	308080	308327	0.121	0.027	0.017908	High
chr2	399665	400287	0.142	0.16	0.042884	High
chr2	436513	436585	0.481	0.178	0.316979	High
chr2	732767	732932	-0.158	-0.092	0.0395	Low
chr2	850116	850255	-0.198	-0.135	0.065934	Low
chr2	868888	869195	0.271	0.021	0.079132	High
chr2	869021	869195	0.275	0.019	0.08085	High
chr2	1056460	1056531	0.055	0.201	0.01408	High
chr2	1702572	1703476	0.244	0.095	0.082716	High
chr2	1797929	1798076	-0.253	-0.393	0.163438	Low
chr2	2034396	2035288	0.135	0.222	0.048195	High
chr2	4171046	4175887	-0.32	-0.186	0.16192	Low
chr2	6253259	6253498	0.168	0.133	0.050568	High
chr2	6260376	6262060	-0.101	-0.018	0.012019	Low
chr2	7120521	7120661	0.173	0.261	0.075082	High
chr2	10200458	10200643	0.08	0.049	0.01032	High
chr2	16110985	16111308	0.314	0.49	0.252456	High
chr2	31119859	31120173	0.404	0.317	0.291284	High
chr2	32866660	32870555	0.286	0.368	0.187044	High
chr2	34298587	34300651	0.282	-0.065	0.061194	Others
chr2	36728517	36728832	0.247	0.221	0.115596	High
chr2	48554696	48557727	0.191	0.214	0.077355	High
chr2	48624051	48630812	-0.196	-0.03	0.044296	Low
chr2	77749641	77749964	0.392	0.375	0.300664	High
chr2	78830521	78830856	0.67	0.53	0.804	High
chr2	78849444	78854079	0.268	0.346	0.164552	High
chr2	87348869	87349036	0.11	0.116	0.02486	High
chr2	88522448	88522970	0.276	0.451	0.200652	High
chr2	91409032	91409321	0.133	0.046	0.023807	High
chr2	91411539	91411682	0.084	0.094	0.014952	High
chr2	91412652	91412798	0.169	0.176	0.058305	High
chr2	92073428	92074663	0.356	0.523	0.312924	High
chr2	99136501	99136836	0.121	0.063	0.022264	High
chr2	99487255	99488560	0.833	-0.04	0.660569	Others
chr2	101358741	101359073	0.293	0.184	0.139761	High
chr2	106078621	106079437	0.178	0.108	0.050908	High
chr2	106263022	106269458	0.486	0.084	0.27702	High
chr2	109520598	109520934	0.136	0.202	0.045968	High
chr2	113393749	113396033	0.163	0.074	0.038631	High
chr2	113554461	113554572	0.329	0.149	0.157262	High
chr2	114870527	114871265	0.486	0.264	0.3645	High
chr2	119444800	119444925	0.236	0.064	0.0708	High
chr2	121040229	121040822	-0.282	-0.13	0.116184	Low
chr2	128418386	128418660	0.06	0.108	0.01008	High
chr2	128471425	128471585	0.342	0.129	0.161082	High
chr2	130065031	130065329	0.197	0.158	0.069935	High
chr2	130559883	130563712	0.141	-0.012	0.018189	Others
chr2	142677036	142677373	0.192	0.275	0.089664	High
chr2	146105051	146119293	0.124	0.253	0.046748	High
chr2	150542489	150542542	-0.49	-0.432	0.45178	Low
chr2	155331600	155331781	0.217	0.299	0.111972	High
chr2	165410998	165411320	0.265	0.404	0.177285	High
chr2	173287002	173287316	0.211	0.692	0.190533	High
chr2	175813071	175813673	0.175	0.647	0.14385	High
chr2	177946635	177946684	0.111	0.073	0.020424	High
chr2	177947040	177947169	0.205	0.04	0.050225	High
chr2	177990728	177992484	0.118	0.076	0.022892	High
chr2	182451079	182451393	0.474	0.245	0.340806	High
chr2	187556833	187557351	0.211	0.069	0.05908	High
chr2	196749892	196750223	0.281	-0.003	0.078118	Others
chr2	208586992	208587318	0.315	0.656	0.305865	High
chr2	209484292	209484376	0.127	0.44	0.072009	High
chr2	212709947	212710252	0.052	0.326	0.019656	High
chr2	213910480	213910786	0.402	0.275	0.272154	High
chr2	214009979	214011488	-0.34	-0.198	0.18292	Low
chr2	219187601	219188190	-0.138	-0.186	0.044712	Low
chr2	219367952	219368456	-0.147	-0.148	0.043365	Low
chr2	224428234	224428681	0.307	0.283	0.18113	High
chr2	226300708	226306452	-0.177	-0.135	0.055224	Low
chr2	229184688	229184787	0.18	0.039	0.03942	High
chr2	231841476	231845557	-0.108	-0.085	0.020844	Low
chr2	231846474	231847008	0.085	0.13	0.018275	High
chr2	232468008	232468754	0.155	0.08	0.036425	High
chr2	235186024	235186352	0.356	0.283	0.227484	High
chr2	235734944	235735088	0.247	0.381	0.155116	High
chr2	238500730	238501055	0.229	0.347	0.131904	High
chr2	239231772	239231981	0.139	0.406	0.075755	High
chr2	240157839	240158007	0.074	0.107	0.013394	High
chr2	240158505	240158616	0.12	0.056	0.02112	High
chr2	240842634	240842902	0.234	0.241	0.11115	High
chr2	240843013	240843253	0.115	-0.022	0.010695	Others
chr2	241806462	241807099	0.042	0.673	0.03003	High
chr2	241807296	241807652	0.085	0.154	0.020315	High
chr3	483347	483524	0.208	0.108	0.065728	High
chr3	1638380	1638575	0.083	0.429	0.042496	High
chr3	1638913	1639108	0.156	0.128	0.044304	High
chr3	1740300	1740608	0.37	0.407	0.28749	High
chr3	5234143	5234312	0.31	0.205	0.15965	High
chr3	11604259	11605193	-0.455	0.039	0.18928	Others
chr3	24778019	24778343	0.097	0.223	0.03104	High
chr3	26745214	26745533	0.312	0.499	0.253032	High
chr3	28125965	28126290	0.349	0.472	0.286529	High
chr3	32162369	32162650	0.097	0.175	0.026384	High
chr3	33259447	33259754	0.203	0.26	0.093989	High
chr3	45568394	45568809	0.147	0.345	0.072324	High
chr3	45726859	45727183	0.117	0.095	0.024804	High
chr3	49938767	49939538	0.858	0.081	0.805662	High
chr3	51858999	51859125	0.38	0.066	0.16948	High
chr3	57748017	57748194	0.117	0.039	0.018252	High
chr3	66063569	66063882	0.173	0.093	0.046018	High
chr3	68841053	68841343	0.512	0.449	0.492032	High
chr3	75734279	75734619	0.11	0.094	0.02244	High
chr3	75768367	75768895	-0.241	-0.251	0.118572	Low
chr3	76014212	76014389	0.202	0.138	0.06868	High
chr3	76730370	76730705	0.169	0.002	0.028899	High
chr3	77164757	77164883	0.122	0.091	0.025986	High
chr3	77290142	77290617	-0.142	0.036	0.015052	Others
chr3	82584846	82584985	0.297	0.074	0.110187	High
chr3	90686325	90686834	0.147	0.156	0.044541	High
chr3	129357017	129363127	-0.158	-0.029	0.029546	Low
chr3	129465624	129465933	0.096	0.011	0.010272	High
chr3	140419646	140419787	0.356	0.174	0.18868	High
chr3	156374381	156375893	-0.107	-0.062	0.018083	Low
chr3	159711196	159711394	0.597	0.374	0.579687	High
chr3	175132352	175132425	0.087	0.11	0.017139	High
chr3	176788274	176788395	0.227	0.275	0.113954	High
chr3	185299540	185299864	0.372	0.449	0.305412	High
chr3	190237619	190237919	0.257	0.33	0.150859	High
chr3	190572850	190573146	0.361	0.258	0.223459	High
chr3	191863114	191863410	0.172	0.32	0.084624	High
chr3	194634644	194635901	0.045	0.799	0.03798	High
chr3	195478500	195479296	0.083	0.249	0.027556	High
chr3	195619213	195619383	0.13	0.111	0.03133	High
chr3	195619232	195619459	0.126	0.094	0.02772	High
chr3	195837910	195837971	0.204	0.168	0.075888	High
chr3	195842345	195843060	0.131	0.065	0.025676	High
chr3	196145386	196145485	0.261	0.056	0.082737	High
chr3	197030225	197030391	-0.415	0.21	0.085075	Others
chr4	1395010	1395164	0.08	0.053	0.01064	High
chr4	1545562	1545858	0.178	0.282	0.08188	High
chr4	2430243	2430431	0.171	0.222	0.067203	High
chr4	3564105	3564728	0.068	0.208	0.018768	High
chr4	3826051	3826266	0.179	0.043	0.039738	High
chr4	6649862	6651182	-0.152	-0.161	0.047576	Low
chr4	7633784	7634124	0.12	0.169	0.03468	High
chr4	9950666	9950915	0.224	0.392	0.137984	High
chr4	9955197	9955514	0.156	0.155	0.048516	High
chr4	10209633	10232951	-0.283	-0.084	0.103861	Low
chr4	16942614	16949119	0.194	0.201	0.07663	High
chr4	21159363	21165473	0.256	0.435	0.176896	High
chr4	23720041	23720361	0.139	0.297	0.060604	High
chr4	25495528	25495840	0.424	0.676	0.4664	High
chr4	31204193	31204511	0.307	0.211	0.159026	High
chr4	31405055	31405381	0.065	0.186	0.016315	High
chr4	32195658	32195822	0.201	0.103	0.061104	High
chr4	38262656	38263848	0.065	0.124	0.012285	High
chr4	40032966	40033129	-0.082	-0.132	0.017548	Low
chr4	41443177	41443276	0.454	0.326	0.35412	High
chr4	49187132	49187449	0.186	0.351	0.099882	High
chr4	49609424	49609735	0.435	0.172	0.264045	High
chr4	50040562	50041241	0.196	0.273	0.091924	High
chr4	56635692	56635817	0.187	0.225	0.077044	High
chr4	57281850	57282175	0.468	0.416	0.413712	High
chr4	58741424	58741743	0.148	0.167	0.04662	High
chr4	59078841	59084882	0.045	0.266	0.013995	High
chr4	65889657	65889936	0.321	0.492	0.260973	High
chr4	74717532	74723588	0.098	0.341	0.043022	High
chr4	82474355	82474675	0.111	0.015	0.013986	High
chr4	83300555	83300839	0.239	0.087	0.077914	High
chr4	86725238	86730789	-0.083	-0.21	0.024319	Low
chr4	87347091	87353145	0.438	-0.018	0.18396	Others
chr4	87854483	87854799	0.315	0.743	0.33327	High
chr4	88601757	88602071	0.032	0.295	0.010464	High
chr4	88760309	88760630	0.237	0.267	0.119448	High
chr4	97189493	97189818	0.54	0.262	0.43308	High
chr4	116330322	116330638	0.291	0.514	0.234255	High
chr4	116779037	116779941	-0.31	0.003	0.09517	Others
chr4	124750583	124750901	0.195	0.254	0.087555	High
chr4	137022849	137022975	0.428	0.304	0.313296	High
chr4	143652134	143652460	0.295	0.212	0.149565	High
chr4	144395293	144398752	-0.286	0.07	0.061776	Others
chr4	146999438	146999750	0.534	0.253	0.420258	High
chr4	156759623	156759855	0.149	0.097	0.036654	High
chr4	165019883	165020006	0.134	0.21	0.046096	High
chr4	165546859	165547160	0.486	0.195	0.330966	High
chr4	168195662	168197265	-0.388	-0.206	0.230472	Low
chr4	169887286	169887565	0.201	0.377	0.116178	High
chr4	176948164	176948479	0.475	0.543	0.48355	High
chr4	179035687	179036005	0.629	0.72	0.848521	High
chr4	180396118	180396300	0.226	0.531	0.171082	High
chr4	182161124	182161431	0.279	0.088	0.102393	High
chr4	183336717	183337010	-0.362	-0.325	0.248694	Low
chr4	183736787	183736912	0.135	0.024	0.021465	High
chr4	185520481	185522918	-0.193	-0.04	0.044969	Low
chr4	186173625	186174447	0.218	-0.002	0.047088	Others
chr4	186176006	186177033	-0.305	-0.352	0.200385	Low
chr4	186432310	186436009	0.086	0.106	0.016512	High
chr4	186693362	186693689	-0.103	-0.456	0.057577	Low
chr4	186960072	186960596	0.057	0.193	0.01425	High
chr4	186962921	186963038	-0.091	-0.103	0.017654	Low
chr4	188796610	188796727	0.059	0.286	0.020355	High
chr4	188975136	188975294	-0.11	-0.107	0.02387	Low
chr4	189051023	189051265	0.064	0.145	0.013376	High
chr4	189307457	189307665	0.03	0.489	0.01557	High
chr4	189309295	189309546	0.211	0.011	0.046842	High
chr4	189370264	189370582	0.311	0.372	0.212413	High
chr4	190049769	190049910	0.25	0.294	0.136	High
chr5	165578	165689	0.085	0.089	0.01479	High
chr5	165998	166165	0.168	0.052	0.03696	High
chr5	175992	176278	-0.165	-0.125	0.04785	Low
chr5	212302	213288	0.125	-0.007	0.01475	Others
chr5	486939	487550	0.242	0.303	0.13189	High
chr5	497701	497788	0.103	0.016	0.012257	High
chr5	557728	557863	0.248	0.265	0.127224	High
chr5	561896	563312	0.177	0.301	0.084606	High
chr5	563454	563539	0.226	0.137	0.082038	High
chr5	565031	565203	0.188	0.09	0.052264	High
chr5	565508	565636	0.267	0.174	0.117747	High
chr5	1483742	1483841	0.48	0.236	0.34368	High
chr5	1682348	1682659	0.108	0.411	0.056052	High
chr5	1924476	1925087	-0.06	-0.21	0.0162	Low
chr5	1941030	1941339	0.162	0.39	0.089424	High
chr5	2564475	2564581	0.311	0.328	0.198729	High
chr5	3078471	3078602	0.418	0.48	0.375364	High
chr5	6524262	6524580	0.247	0.194	0.108927	High
chr5	8026904	8027208	0.218	0.331	0.119682	High
chr5	8258103	8259051	-0.198	0.128	0.01386	Others
chr5	8259677	8260587	-0.142	0.058	0.011928	Others
chr5	12425862	12426311	0.351	0.412	0.267813	High
chr5	13330072	13330361	0.263	0.266	0.139127	High
chr5	17586866	17588633	-0.123	-0.06	0.022509	Low
chr5	46270550	46275733	-0.053	-0.195	0.013144	Low
chr5	46405925	46406948	0.08	0.214	0.02352	High
chr5	46407630	46409842	0.146	0.06	0.030076	High
chr5	46820208	46821739	-0.134	-0.021	0.02077	Low
chr5	46824377	46825910	-0.149	-0.044	0.028757	Low
chr5	46861477	46865222	-0.096	-0.114	0.02016	Low
chr5	46872662	46875729	0.217	0.168	0.083545	High
chr5	47121815	47122325	0.231	0.108	0.078309	High
chr5	58481695	58482298	0.109	0.121	0.02507	High
chr5	78980925	78981248	-0.159	-0.21	0.058671	Low
chr5	78981903	78982221	0.617	0.432	0.647233	High
chr5	79540060	79540377	0.168	0.22	0.065184	High
chr5	80301308	80301387	0.123	0.141	0.032472	High
chr5	88736195	88736524	0.047	0.643	0.03243	High
chr5	90564604	90564924	0.117	0.261	0.044226	High
chr5	106902356	106903653	-0.22	0.034	0.04092	Others
chr5	107709730	107709895	0.166	0.212	0.062748	High
chr5	115420801	115422191	-0.172	-0.186	0.061576	Low
chr5	119679449	119679768	0.2	0.514	0.1428	High
chr5	120044453	120046982	-0.394	-0.01	0.159176	Low
chr5	122938659	122938981	0.342	0.426	0.262656	High
chr5	125028142	125028467	0.127	0.134	0.033147	High
chr5	126844438	126844566	0.273	-0.072	0.054873	Others
chr5	138271602	138272036	-0.079	-0.056	0.010665	Low
chr5	139398761	139399054	0.479	0.082	0.268719	High
chr5	150823588	150843717	-0.208	-0.195	0.083824	Low
chr5	158583056	158583231	0.132	0.02	0.020064	High
chr5	176214601	176214714	0.098	0.12	0.021364	High
chr5	176530240	176530383	-0.395	-0.421	0.32232	Low
chr5	177108224	177108670	0.085	0.041	0.01071	High
chr5	177703836	177704147	0.137	0.112	0.034113	High
chr5	177772231	177778280	0.076	0.147	0.016948	High
chr5	177781368	177781975	0.454	0.209	0.301002	High
chr5	178294293	178294530	0.063	0.268	0.020853	High
chr5	178525071	178525669	0.408	0.321	0.297432	High
chr5	179411942	179412288	0.27	0.264	0.14418	High
chr5	179650349	179650475	0.119	0.158	0.032963	High
chr5	180534826	180535070	0.133	-0.007	0.016758	Others
chr5	180617483	180618437	-0.651	-0.49	0.742791	Low
chr5	181090186	181091397	0.359	0.024	0.137497	High
chr5	181312083	181312416	0.415	0.343	0.31457	High
chr5	181319940	181330325	0.149	0.246	0.058855	High
chr5	181449931	181451528	0.202	0.025	0.045854	High
chr6	666376	667820	-0.144	-0.206	0.0504	Low
chr6	1318940	1320415	0.145	0.072	0.031465	High
chr6	5135010	5135457	0.208	0.272	0.09984	High
chr6	6277107	6277368	0.206	0.21	0.085696	High
chr6	7272721	7273405	-0.092	-0.086	0.016376	Low
chr6	8337448	8341292	-0.202	-0.259	0.093122	Low
chr6	9014583	9014690	0.394	0.299	0.273042	High
chr6	25529642	25529782	0.2	0.388	0.1176	High
chr6	26611010	26617790	-0.362	-0.418	0.28236	Low
chr6	26756654	26757481	-0.273	0.106	0.045591	Others
chr6	34732882	34733339	-0.251	-0.241	0.123492	Low
chr6	35658655	35661966	0.136	-0.049	0.011832	Others
chr6	41651096	41651544	0.092	0.167	0.023828	High
chr6	60231682	60231869	0.172	0.327	0.085828	High
chr6	61183398	61183718	0.324	0.159	0.156492	High
chr6	61378007	61378865	0.117	0.057	0.020358	High
chr6	64637143	64640268	-0.231	-0.036	0.061677	Low
chr6	67156158	67156473	0.546	0.115	0.360906	High
chr6	73711530	73711835	0.16	0.352	0.08192	High
chr6	76387775	76392923	0.259	-0.029	0.05957	Others
chr6	76727505	76749298	0.046	0.232	0.012788	High
chr6	123193913	123194227	0.16	0.583	0.11888	High
chr6	132376489	132376811	0.052	0.182	0.012168	High
chr6	133050348	133050691	0.262	0.168	0.11266	High
chr6	133947838	133948585	-0.258	-0.12	0.097524	Low
chr6	134268536	134273403	-0.075	-0.111	0.01395	Low
chr6	134496207	134496523	0.186	0.24	0.079236	High
chr6	135914477	135914786	0.15	0.255	0.06075	High
chr6	149981522	149981667	0.38	0.097	0.18126	High
chr6	151450407	151450485	0.647	-0.011	0.411492	Others
chr6	154263797	154263923	0.138	0.415	0.076314	High
chr6	154298855	154300369	0.272	0.14	0.112064	High
chr6	154365393	154365667	0.154	0.252	0.062524	High
chr6	154641471	154643452	0.114	0.01	0.014136	High
chr6	156178671	156178792	0.139	0.3	0.061021	High
chr6	157687098	157687283	0.122	0.206	0.040016	High
chr6	158571376	158571577	0.099	0.087	0.018414	High
chr6	163300910	163301008	0.296	0.271	0.167832	High
chr6	167422532	167422634	0.088	0.07	0.013904	High
chr6	167658532	167658855	0.287	0.262	0.157563	High
chr6	168190438	168190541	0.286	0.303	0.168454	High
chr6	168358004	168358442	0.098	0.095	0.018914	High
chr6	168572186	168572371	0.091	0.166	0.023387	High
chr6	168573049	168573110	0.216	0.068	0.061344	High
chr6	168612157	168612395	-0.11	-0.166	0.03036	Low
chr6	169660838	169660965	-0.079	-0.074	0.012087	Low
chr6	169963840	169963889	0.177	0.481	0.116466	High
chr6	169967250	169967597	0.358	0.263	0.222318	High
chr6	169987670	169988571	0.439	0.141	0.25462	High
chr6	170039540	170039666	0.199	0.227	0.084774	High
chr6	170160490	170160587	-0.452	-0.482	0.422168	Low
chr6	170170081	170170400	0.324	0.044	0.119232	High
chr6	170236876	170237145	0.085	0.08	0.014025	High
chr6	170237529	170237960	0.16	0.006	0.02656	High
chr6	170246280	170246347	0.064	0.195	0.016576	High
chr6	170246311	170246653	0.072	0.188	0.01872	High
chr6	170266765	170267308	0.132	0.128	0.03432	High
chr6	170267164	170267435	0.154	0.095	0.038346	High
chr7	221226	221981	-0.088	-0.074	0.014256	Low
chr7	263048	263365	-0.132	-0.453	0.07722	Low
chr7	411271	411444	0.483	0.202	0.330855	High
chr7	419339	419940	0.073	0.078	0.011023	High
chr7	748148	748321	0.115	0.04	0.017825	High
chr7	1827537	1827734	-0.295	-0.294	0.173755	Low
chr7	3962868	3963365	-0.368	-0.443	0.298448	Low
chr7	3976034	3977018	0.242	0.211	0.109626	High
chr7	3977163	3977330	0.429	0.126	0.238095	High
chr7	4591607	4600109	-0.168	0.01	0.026544	Others
chr7	6450047	6450761	0.057	0.513	0.03249	High
chr7	9595004	9596346	0.157	0.188	0.054165	High
chr7	10464672	10466505	0.351	0.375	0.254826	High
chr7	14409415	14409735	0.482	0.424	0.436692	High
chr7	15354351	15354456	0.218	0.277	0.10791	High
chr7	22395181	22397140	-0.166	0.005	0.026726	Others
chr7	23904511	23904608	0.184	0.203	0.071208	High
chr7	24218468	24218860	0.285	0.074	0.102315	High
chr7	25017825	25020233	0.242	0.202	0.107448	High
chr7	26097380	26105874	-0.214	-0.214	0.091592	Low
chr7	26469639	26469884	-0.358	-0.182	0.19332	Low
chr7	28534679	28535527	0.049	0.578	0.030723	High
chr7	29984954	29985408	0.331	0.01	0.112871	High
chr7	30857447	30857745	0.243	0.28	0.127089	High
chr7	33363919	33364246	0.513	0.335	0.435024	High
chr7	47855583	47855908	0.27	0.219	0.13203	High
chr7	54601280	54601845	-0.316	-0.294	0.19276	Low
chr7	55219050	55221367	0.365	0.249	0.22411	High
chr7	55342168	55342412	0.071	0.132	0.014413	High
chr7	55904077	55904440	-0.619	-0.666	0.795415	Low
chr7	56335654	56335959	0.251	0.02	0.068021	High
chr7	57297186	57297509	0.327	0.27	0.195219	High
chr7	57410173	57418176	-0.191	0.036	0.029605	Others
chr7	57490721	57490950	-0.137	-0.156	0.040141	Low
chr7	57490794	57490972	-0.083	-0.1	0.015189	Low
chr7	57898009	57899700	0.073	0.254	0.023871	High
chr7	62270635	62271127	0.141	0.334	0.066975	High
chr7	62276613	62276678	0.132	0.085	0.028644	High
chr7	62541913	62544487	-0.077	-0.298	0.028875	Low
chr7	62906070	62909330	-0.103	-0.009	0.011536	Low
chr7	64475426	64476409	0.155	0.176	0.051305	High
chr7	65257913	65258028	0.089	0.152	0.021449	High
chr7	65851654	65852123	0.17	0.103	0.04641	High
chr7	74135428	74136635	0.146	0.162	0.044968	High
chr7	77241225	77241478	0.104	0.071	0.0182	High
chr7	81812320	81813226	-0.558	-0.495	0.587574	Low
chr7	84099104	84099233	0.222	0.352	0.127428	High
chr7	89890590	89901121	-0.178	-0.133	0.055358	Low
chr7	97265419	97265660	0.199	0.25	0.089351	High
chr7	100970496	100971197	0.365	0.088	0.165345	High
chr7	101003796	101004374	0.116	-0.004	0.012992	Others
chr7	105667403	105667717	0.088	0.403	0.043208	High
chr7	108712402	108712726	0.278	0.346	0.173472	High
chr7	125625045	125625374	0.327	0.305	0.206664	High
chr7	126405832	126411392	-0.054	-0.174	0.012312	Low
chr7	128126362	128126675	0.201	0.742	0.189543	High
chr7	138611698	138612469	0.15	0.162	0.0468	High
chr7	139522401	139522715	0.54	0.051	0.31914	High
chr7	141414063	141414381	0.329	0.24	0.187201	High
chr7	150038856	150039791	-0.08	-0.061	0.01128	Low
chr7	150150553	150152038	-0.144	-0.233	0.054288	Low
chr7	152385313	152385643	0.19	0.129	0.06061	High
chr7	152388830	152391617	0.147	-0.014	0.019551	Others
chr7	152395539	152401116	0.128	0.203	0.042368	High
chr7	152722314	152722629	0.174	0.126	0.0522	High
chr7	153112585	153112888	0.055	0.151	0.01133	High
chr7	154123682	154123775	0.338	0.313	0.220038	High
chr7	155150205	155150533	0.27	0.403	0.18171	High
chr7	155901874	155902027	0.188	0.105	0.055084	High
chr7	156596237	156598237	-0.245	-0.062	0.075215	Low
chr7	156598217	156601458	0.083	0.326	0.033947	High
chr7	157649521	157649622	0.129	0.09	0.028251	High
chr7	157666941	157667180	0.173	-0.08	0.016089	Others
chr7	157711159	157711247	0.173	0.141	0.054322	High
chr7	157732607	157733844	0.203	0.078	0.057043	High
chr7	157826198	157826258	0.078	0.307	0.03003	High
chr7	157994552	157994668	0.169	0.283	0.076388	High
chr7	158071732	158071909	0.133	0.165	0.039634	High
chr7	158188336	158188391	0.108	0.118	0.024408	High
chr7	158276225	158276430	0.216	0.183	0.086184	High
chr7	158333168	158333489	-0.182	-0.162	0.062608	Low
chr7	158341227	158341500	0.203	0.185	0.078764	High
chr7	158426163	158426362	-0.147	-0.114	0.038367	Low
chr7	158426812	158427209	0.186	0.05	0.043896	High
chr7	158427071	158427419	0.209	0.005	0.044726	High
chr7	158427612	158427861	0.316	-0.018	0.094168	Others
chr7	158427712	158427861	0.336	0.004	0.11424	High
chr8	1215405	1215629	-0.145	-0.189	0.04843	Low
chr8	1393147	1393468	-0.168	-0.006	0.029232	Low
chr8	1393580	1395603	0.089	0.188	0.024653	High
chr8	1396013	1398289	-0.115	-0.083	0.02277	Low
chr8	1398371	1398462	-0.294	-0.118	0.121128	Low
chr8	1643653	1643931	0.122	0.015	0.016714	High
chr8	3183163	3183334	0.178	0.174	0.062656	High
chr8	5122735	5122894	0.074	0.173	0.018278	High
chr8	5123118	5123469	0.375	0.067	0.16575	High
chr8	6372480	6372967	0.139	0.261	0.0556	High
chr8	11388049	11389697	0.146	-0.07	0.011096	Others
chr8	12605499	12606128	0.288	-0.193	0.02736	Others
chr8	15544281	15559721	-0.173	-0.105	0.048094	Low
chr8	18597101	18598433	0.087	0.27	0.031059	High
chr8	24464749	24464934	0.368	0.181	0.202032	High
chr8	29980022	29980768	-0.104	-0.083	0.019448	Low
chr8	40917103	40922258	-0.124	-0.015	0.017236	Low
chr8	55488642	55488957	0.298	0.478	0.231248	High
chr8	56054757	56054909	0.081	0.214	0.023895	High
chr8	58165893	58166228	0.286	0.144	0.12298	High
chr8	61122801	61123324	-0.096	-0.279	0.036	Low
chr8	69445378	69445690	0.722	0.441	0.839686	High
chr8	71639170	71639503	0.346	0.295	0.221786	High
chr8	72875530	72881587	0.215	0.222	0.093955	High
chr8	86176019	86181513	-0.28	-0.224	0.14112	Low
chr8	96508477	96509686	-0.21	-0.494	0.14784	Low
chr8	97187914	97188235	0.309	0.291	0.1854	High
chr8	98452912	98453239	0.405	0.148	0.223965	High
chr8	103646682	103649690	-0.103	-0.098	0.020703	Low
chr8	107107987	107108308	0.174	0.187	0.062814	High
chr8	107551352	107551429	0.293	0.698	0.290363	High
chr8	120669432	120669750	0.368	0.186	0.203872	High
chr8	125582877	125588889	0.14	-0.039	0.01414	Others
chr8	126179963	126182326	-0.091	-0.165	0.023296	Low
chr8	131156036	131156348	0.491	0.472	0.472833	High
chr8	141970978	141971156	-0.152	0.015	0.020824	Others
chr8	142300959	142301044	-0.052	-0.442	0.025688	Low
chr8	142975287	142975594	0.213	0.122	0.071355	High
chr8	143205619	143205810	0.109	0.148	0.028013	High
chr8	143307964	143308041	-0.115	-0.016	0.015065	Low
chr8	143373365	143373633	0.266	0.171	0.116242	High
chr8	143425224	143425304	0.588	0.213	0.470988	High
chr8	144624711	144625475	0.049	0.221	0.01323	High
chr8	144625702	144625752	0.11	0.11	0.0242	High
chr8	144625988	144626344	0.198	0.054	0.049896	High
chr8	144626026	144626178	0.188	0.075	0.049444	High
chr9	6888773	6889086	0.078	0.055	0.010374	High
chr9	16389396	16389731	0.254	0.317	0.145034	High
chr9	25911468	25920183	-0.154	-0.212	0.056364	Low
chr9	26512929	26513243	0.566	0.303	0.491854	High
chr9	33213072	33213930	0.219	0.064	0.061977	High
chr9	35803099	35803401	0.135	0.046	0.024435	High
chr9	40561933	40566035	0.104	0.213	0.032968	High
chr9	40835834	40838220	-0.198	-0.092	0.05742	Low
chr9	40843513	40846406	-0.138	-0.103	0.033258	Low
chr9	40902057	40902567	-0.131	-0.193	0.042444	Low
chr9	41271028	41273935	-0.232	-0.524	0.175392	Low
chr9	43199918	43200275	-0.265	-0.145	0.10865	Low
chr9	60618451	60619127	-0.128	-0.179	0.039296	Low
chr9	60677914	60678593	0.067	0.213	0.01876	High
chr9	61901091	61901411	0.129	0.328	0.058953	High
chr9	65458657	65458744	0.301	0.167	0.140868	High
chr9	65467165	65467242	0.155	0.003	0.02449	High
chr9	67693430	67693745	0.193	0.245	0.084534	High
chr9	67798722	67799032	0.231	0.343	0.132594	High
chr9	69088229	69088548	0.09	0.102	0.01728	High
chr9	71654469	71654749	0.228	0.173	0.091428	High
chr9	76121810	76122121	0.331	0.338	0.221439	High
chr9	80230255	80230581	0.493	0.473	0.476238	High
chr9	81862157	81862488	0.117	0.32	0.051129	High
chr9	81863857	81864160	0.279	0.129	0.113832	High
chr9	88959369	88959468	0.271	0.167	0.118698	High
chr9	93737878	93740759	0.147	0.237	0.056448	High
chr9	94530624	94530948	0.247	0.145	0.096824	High
chr9	98214190	98214329	-0.108	-0.205	0.033804	Low
chr9	101457413	101458095	0.305	0.388	0.211365	High
chr9	101807412	101808199	0.127	0.018	0.018415	High
chr9	104316669	104316741	0.174	0.108	0.049068	High
chr9	104833906	104834821	0.061	0.131	0.011712	High
chr9	104862638	104862742	-0.141	-0.076	0.030597	Low
chr9	107255996	107258566	0.184	0.09	0.050416	High
chr9	107670604	107670922	0.325	0.288	0.199225	High
chr9	113900794	113901027	0.236	0.206	0.104312	High
chr9	128437904	128438083	0.345	0.096	0.152145	High
chr9	129264406	129265789	-0.124	-0.001	0.0155	Low
chr9	131586495	131586888	0.049	0.307	0.017444	High
chr9	131586971	131587220	0.051	0.209	0.01326	High
chr9	133190331	133190554	0.172	0.047	0.037668	High
chr9	134207446	134207621	0.108	0.2	0.033264	High
chr9	134849488	134850039	0.134	0.063	0.026398	High
chr9	135548977	135549136	0.388	0.491	0.341052	High
chr9	136251862	136251946	0.173	0.206	0.065567	High
chr9	136769362	136769647	-0.127	-0.025	0.019304	Low
chr9	136770265	136770387	0.228	0.637	0.19722	High
chr9	137436391	137436442	-0.333	-0.168	0.166833	Low
chr9	137818601	137819246	0.048	0.274	0.015456	High
chr10	367937	368167	-0.398	-0.493	0.354618	Low
chr10	489860	490055	0.178	0.039	0.038626	High
chr10	783877	784120	0.396	0.057	0.179388	High
chr10	1038690	1038815	-0.121	-0.336	0.055297	Low
chr10	1460487	1460757	0.381	0.072	0.172593	High
chr10	1542397	1542577	-0.107	-0.179	0.030602	Low
chr10	1701087	1701756	0.181	0.048	0.041449	High
chr10	2290857	2291132	0.155	0.199	0.05487	High
chr10	3106196	3106390	-0.292	-0.303	0.17374	Low
chr10	3458286	3458377	0.126	0.062	0.023688	High
chr10	6210002	6210956	0.069	0.101	0.01173	High
chr10	13217249	13218739	0.137	0.006	0.019591	High
chr10	15429073	15429392	0.145	0.385	0.07685	High
chr10	19108379	19108715	0.433	0.515	0.410484	High
chr10	19707622	19709078	0.097	0.273	0.03589	High
chr10	20378316	20378635	0.253	0.253	0.128018	High
chr10	24087908	24089510	0.089	0.159	0.022072	High
chr10	24746257	24746352	0.28	0.182	0.12936	High
chr10	31154421	31155934	0.103	0.088	0.019673	High
chr10	31968952	31971683	0.115	0.164	0.032085	High
chr10	34395540	34395864	0.356	0.18	0.190816	High
chr10	35304278	35304607	0.274	0.094	0.100832	High
chr10	38460240	38463775	-0.155	-0.153	0.04774	Low
chr10	38942528	38942631	0.076	0.091	0.012692	High
chr10	39549131	39550325	-0.11	-0.088	0.02178	Low
chr10	39717945	39718284	-0.138	-0.167	0.04209	Low
chr10	39721599	39722619	-0.334	-0.321	0.21877	Low
chr10	39741035	39742733	-0.058	-0.216	0.015892	Low
chr10	39762943	39763620	-0.26	-0.292	0.14352	Low
chr10	39786186	39787882	-0.102	-0.032	0.013668	Low
chr10	39789579	39790256	-0.103	-0.148	0.025853	Low
chr10	39794315	39795334	0.156	0.163	0.049764	High
chr10	39827224	39828581	0.137	0.039	0.024112	High
chr10	39834209	39834547	-0.204	-0.244	0.091392	Low
chr10	39849342	39851040	-0.088	-0.047	0.01188	Low
chr10	39858101	39859457	-0.11	-0.049	0.01749	Low
chr10	39869712	39871070	0.119	0.027	0.017374	High
chr10	39871992	39872670	-0.146	-0.21	0.051976	Low
chr10	39883501	39885200	-0.213	-0.053	0.056658	Low
chr10	39887003	39888701	-0.082	-0.12	0.016564	Low
chr10	41558539	41559557	0.076	0.095	0.012996	High
chr10	41850436	41850720	0.11	0.081	0.02101	High
chr10	42177650	42177869	-0.262	-0.116	0.099036	Low
chr10	42184956	42192135	0.162	0.082	0.039528	High
chr10	42778752	42779083	0.206	0.269	0.09785	High
chr10	42847620	42847746	0.175	0.059	0.04095	High
chr10	49069970	49070286	0.295	0.365	0.1947	High
chr10	59696987	59697114	0.179	0.042	0.039559	High
chr10	59882163	59882287	0.027	0.67	0.018819	High
chr10	61983855	61984032	0.087	0.141	0.019836	High
chr10	69521247	69531335	0.091	0.126	0.019747	High
chr10	79936080	79936234	0.574	0.137	0.408114	High
chr10	80977981	80978299	0.147	0.401	0.080556	High
chr10	83866466	83866671	0.415	0.354	0.319135	High
chr10	86906418	86906757	0.083	0.04	0.010209	High
chr10	89203984	89204681	0.423	-0.001	0.178506	Others
chr10	89787627	89787962	0.394	0.001	0.15563	High
chr10	97398055	97398352	0.16	0.031	0.03056	High
chr10	98265361	98265695	0.187	0.314	0.093687	High
chr10	120798394	120798509	0.111	0.207	0.035298	High
chr10	121729665	121729978	0.22	0.173	0.08646	High
chr10	124034732	124034805	0.37	0.01	0.1406	High
chr10	129796913	129797208	-0.491	-0.394	0.434535	Low
chr10	130656131	130656222	-0.06	-0.255	0.0189	Low
chr10	131060208	131060556	0.281	0.377	0.184898	High
chr10	131110795	131114515	-0.137	-0.15	0.039319	Low
chr10	131190440	131190974	0.166	0.134	0.0498	High
chr10	131190991	131192933	-0.117	-0.059	0.020592	Low
chr10	131884305	131884707	0.431	0.184	0.265065	High
chr10	132191518	132191846	0.127	-0.042	0.010795	Others
chr10	132352412	132352465	0.392	0.08	0.185024	High
chr10	132362632	132363106	-0.125	-0.083	0.026	Low
chr10	132505804	132506394	0.102	0.169	0.027642	High
chr10	132792635	132792741	0.29	0.229	0.15051	High
chr10	132798285	132798432	0.08	0.126	0.01648	High
chr10	132914028	132914489	0.413	0.111	0.216412	High
chr10	132914423	132914586	0.309	-0.019	0.08961	Others
chr10	132983005	132983542	0.164	0.152	0.051824	High
chr10	133017532	133017917	0.078	0.116	0.015132	High
chr10	133018283	133018423	0.135	0.067	0.02727	High
chr10	133135987	133136684	-0.131	-0.105	0.030916	Low
chr10	133431212	133431895	-0.281	-0.315	0.167476	Low
chr10	133480299	133481057	-0.145	-0.107	0.03654	Low
chr10	133480859	133481097	-0.102	-0.053	0.01581	Low
chr11	186359	186603	0.316	0.202	0.163688	High
chr11	309457	310163	0.485	0.105	0.28615	High
chr11	363720	363834	0.264	0.28	0.143616	High
chr11	381288	381511	0.247	-0.152	0.023465	Others
chr11	384901	385318	0.195	0.172	0.071565	High
chr11	400949	401118	0.057	0.122	0.010203	High
chr11	402462	402622	0.089	0.122	0.018779	High
chr11	411603	411882	0.205	0.13	0.068675	High
chr11	664411	664658	0.059	0.139	0.011682	High
chr11	1079975	1080104	0.07	0.114	0.01288	High
chr11	1080615	1081252	0.14	-0.007	0.01862	Others
chr11	1081411	1081540	0.136	-0.021	0.01564	Others
chr11	1435232	1435376	0.459	0.125	0.268056	High
chr11	1804183	1804264	0.196	0.087	0.055468	High
chr11	1894026	1915748	0.275	-0.206	0.018975	Others
chr11	1941656	1941834	0.191	-0.017	0.033234	Others
chr11	5085734	5085980	0.438	0.373	0.355218	High
chr11	7188064	7188380	0.275	0.36	0.174625	High
chr11	7407348	7407678	0.376	0.345	0.271096	High
chr11	9504239	9505251	0.143	-0.014	0.018447	Others
chr11	10271181	10272286	-0.088	-0.106	0.017072	Low
chr11	28430936	28431140	0.127	0.024	0.019177	High
chr11	31372226	31376098	0.042	0.292	0.014028	High
chr11	48098509	48098817	0.334	0.247	0.194054	High
chr11	48425262	48425557	0.486	0.139	0.30375	High
chr11	54358276	54358445	0.127	0.095	0.028194	High
chr11	54368594	54369618	-0.076	-0.159	0.01786	Low
chr11	54399904	54400245	-0.098	-0.096	0.019012	Low
chr11	59041812	59042143	0.13	0.597	0.09451	High
chr11	60803957	60804447	0.055	0.202	0.014135	High
chr11	63430446	63435312	-0.281	0.056	0.063225	Others
chr11	68348362	68348541	-0.187	-0.188	0.070125	Low
chr11	68415625	68415934	0.296	0.026	0.095312	High
chr11	69068764	69069347	0.142	0.027	0.023998	High
chr11	69586072	69586633	0.175	0.001	0.0308	High
chr11	71765875	71770723	-0.135	-0.095	0.03105	Low
chr11	74434012	74434358	0.462	0.315	0.358974	High
chr11	76692548	76692794	0.546	0.29	0.456456	High
chr11	78201592	78203582	-0.143	-0.077	0.03146	Low
chr11	93287971	93288990	-0.162	-0.359	0.084402	Low
chr11	96499955	96500266	0.444	0.169	0.272172	High
chr11	98393872	98395555	-0.303	0	0.091809	Others
chr11	98396203	98396697	0.108	0.253	0.038988	High
chr11	114961062	114961131	0.223	0.504	0.162121	High
chr11	119848804	119849091	0.426	0.261	0.292662	High
chr11	120081965	120084092	0.097	0.183	0.02716	High
chr11	120084300	120084780	0.175	0.092	0.046725	High
chr11	123896024	123896163	0.183	0.429	0.111996	High
chr11	128173070	128173396	0.156	0.207	0.056628	High
chr11	132213718	132214031	0.366	0.37	0.269376	High
chr12	183062	188798	0.417	0.052	0.195573	High
chr12	1079284	1079518	0.236	0.171	0.096052	High
chr12	1293389	1293564	0.161	0.093	0.040894	High
chr12	2106160	2106319	0.201	-0.004	0.039597	Others
chr12	2407475	2407680	0.302	0.18	0.145564	High
chr12	4973179	4973957	-0.355	-0.342	0.247435	Low
chr12	6429221	6429608	0.509	0.716	0.623525	High
chr12	7670047	7671724	-0.177	0.074	0.018231	Others
chr12	7816066	7816402	0.168	0.279	0.075096	High
chr12	12378544	12380143	-0.212	-0.149	0.076532	Low
chr12	13046134	13046237	0.233	0.889	0.261426	High
chr12	13393038	13399109	0.096	0.073	0.016224	High
chr12	29691448	29693501	-0.385	-0.342	0.279895	Low
chr12	31122794	31122951	0.261	0.09	0.091611	High
chr12	33232169	33245363	0.175	-0.04	0.023625	Others
chr12	34384598	34387010	-0.104	-0.082	0.019344	Low
chr12	34774526	34774865	-0.214	-0.262	0.101864	Low
chr12	34781137	34781815	-0.235	-0.258	0.115855	Low
chr12	34783129	34783468	0.2	0.163	0.0726	High
chr12	34783563	34783901	0.14	0.035	0.0245	High
chr12	34793675	34794694	-0.082	-0.129	0.017302	Low
chr12	35075916	35076255	-0.275	-0.291	0.15565	Low
chr12	37324439	37325627	0.189	-0.03	0.030051	Others
chr12	37597423	37600830	-0.152	-0.18	0.050464	Low
chr12	37616343	37624292	0.122	0.218	0.04148	High
chr12	43685279	43685358	-0.197	-0.197	0.077618	Low
chr12	43685600	43685726	0.138	0.062	0.0276	High
chr12	48315705	48316916	-0.2	-0.15	0.07	Low
chr12	48331683	48334596	0.248	0.145	0.097464	High
chr12	56789517	56789567	-0.243	-0.216	0.111537	Low
chr12	59542024	59548466	0.326	-0.068	0.084108	Others
chr12	59548539	59550113	-0.412	-0.318	0.30076	Low
chr12	62010835	62010912	0.091	0.145	0.021476	High
chr12	64667146	64669484	0.398	0.564	0.382876	High
chr12	65813279	65813570	0.179	0.246	0.076075	High
chr12	68861995	68862736	-0.294	-0.407	0.206094	Low
chr12	83648490	83648802	0.295	-0.072	0.065785	Others
chr12	86856045	86856193	0.381	0.426	0.307467	High
chr12	94950280	94950589	0.299	0.196	0.148005	High
chr12	97717931	97718990	0.133	0.066	0.026467	High
chr12	113245306	113245624	0.163	0.026	0.030807	High
chr12	114063975	114064118	0.436	0.308	0.324384	High
chr12	121851677	121852021	0.163	0.155	0.051834	High
chr12	125204231	125204693	-0.237	-0.201	0.103806	Low
chr12	126583990	126584318	-0.083	-0.093	0.014608	Low
chr12	126715402	126715740	0.475	0.25	0.344375	High
chr12	127553432	127553748	0.364	0.205	0.207116	High
chr12	128447697	128447995	0.214	0.407	0.132894	High
chr12	128844845	128845116	-0.092	-0.019	0.010212	Low
chr12	128845779	128845886	-0.086	-0.032	0.010148	Low
chr12	129356143	129356455	0.242	0.264	0.122452	High
chr12	129857741	129858644	0.113	-0.003	0.01243	Others
chr12	131367236	131367448	0.174	0.216	0.06786	High
chr12	131428726	131429207	-0.161	-0.048	0.033649	Low
chr12	131433069	131433942	0.14	0.395	0.0749	High
chr12	131647606	131648541	0.349	0.284	0.220917	High
chr12	131649252	131649474	0.181	-0.009	0.031132	Others
chr12	131649717	131650179	-0.177	-0.283	0.08142	Low
chr12	131650645	131651848	-0.121	-0.08	0.024321	Low
chr12	132212559	132212799	-0.274	-0.285	0.153166	Low
chr12	132290770	132291354	0.068	0.103	0.011628	High
chr12	132359174	132359356	0.245	0.118	0.088935	High
chr12	132365714	132366067	0.256	0.19	0.114176	High
chr12	132383400	132384075	0.11	-0.006	0.01144	Others
chr12	132384048	132384599	0.312	0.142	0.141648	High
chr12	132392157	132392327	-0.23	-0.377	0.13961	Low
chr12	132472825	132472946	0.139	0.267	0.056434	High
chr12	132473094	132473213	0.318	0.24	0.177444	High
chr12	132473419	132473902	0.438	0.138	0.252288	High
chr12	132563011	132563145	0.028	0.417	0.01246	High
chr12	132688318	132688629	-0.642	0.119	0.335766	Others
chr12	132759118	132759204	0.598	0.018	0.368368	High
chr13	22751374	22753053	0.28	0.116	0.11088	High
chr13	25071048	25071366	0.254	0.153	0.103378	High
chr13	26475904	26478048	-0.357	-0.282	0.228123	Low
chr13	26723954	26724052	0.127	0.189	0.040132	High
chr13	29380620	29380943	0.341	0.426	0.261547	High
chr13	30601448	30601782	0.449	0.073	0.234378	High
chr13	33618454	33619183	-0.414	-0.242	0.271584	Low
chr13	39360045	39361342	0.105	0.089	0.02037	High
chr13	40696975	40697286	-0.553	-0.646	0.663047	Low
chr13	45314497	45314788	0.122	-0.005	0.014274	Others
chr13	46460493	46464051	0.101	0.085	0.018786	High
chr13	46466711	46467775	-0.097	-0.09	0.018139	Low
chr13	46515506	46515587	0.105	0.069	0.01827	High
chr13	47845790	47845945	0.357	0.228	0.208845	High
chr13	60212027	60212353	0.246	0.338	0.143664	High
chr13	73500774	73501101	0.319	0.349	0.213092	High
chr13	73575390	73575616	0.161	0.042	0.032683	High
chr13	76065137	76065463	0.374	0.298	0.251328	High
chr13	77660398	77660517	0.14	0.151	0.04074	High
chr13	82591799	82598069	-0.184	0.094	0.01656	Others
chr13	94392631	94392768	-0.233	-0.438	0.156343	Low
chr13	98971448	98971582	0.083	0.12	0.016849	High
chr13	99026010	99026096	-0.26	-0.352	0.15912	Low
chr13	101254592	101254910	0.295	0.495	0.23305	High
chr13	108709397	108710088	-0.123	-0.166	0.035547	Low
chr13	110385435	110385554	0.062	0.157	0.013578	High
chr13	110408868	110409010	0.202	0.279	0.097162	High
chr13	110474781	110474978	0.179	0.084	0.047077	High
chr13	111044881	111045006	0.16	0.237	0.06352	High
chr13	111052152	111052526	0.214	0.102	0.067624	High
chr13	111052339	111052580	0.292	0.158	0.1314	High
chr13	111964620	111964698	0.221	0.312	0.117793	High
chr13	112036988	112037094	0.189	0.218	0.076923	High
chr13	112150955	112151058	0.118	0.098	0.025488	High
chr13	113011933	113012340	0.13	0.242	0.04836	High
chr13	113012432	113012595	0.17	0.115	0.04845	High
chr13	113025493	113026185	-0.22	-0.191	0.09042	Low
chr13	113068726	113068857	0.084	0.126	0.01764	High
chr13	113560230	113560431	0.148	0.163	0.046028	High
chr13	113807394	113807556	0.288	0.143	0.124128	High
chr13	113898917	113899726	0.17	0.254	0.07208	High
chr13	114084364	114084471	-0.113	-0.092	0.023165	Low
chr13	114098934	114099123	0.184	0.026	0.03864	High
chr13	114117125	114117277	0.128	0.034	0.020736	High
chr13	114119733	114119802	-0.145	0.023	0.01769	Others
chr14	18901837	18902123	0.538	0.446	0.529392	High
chr14	19158713	19158875	-0.088	-0.157	0.02156	Low
chr14	19158724	19159344	0.199	-0.008	0.038009	Others
chr14	20506346	20506846	0.165	-0.004	0.026565	Others
chr14	21067972	21068297	0.49	0.048	0.26362	High
chr14	24010055	24015416	-0.139	-0.171	0.04309	Low
chr14	32484098	32485132	0.333	0.184	0.172161	High
chr14	33853955	33854258	0.156	0.302	0.071448	High
chr14	34205306	34205682	0.207	0.251	0.094806	High
chr14	34412121	34412428	0.092	0.108	0.0184	High
chr14	34836084	34836414	0.083	0.038	0.010043	High
chr14	42017118	42017432	0.301	0.531	0.250432	High
chr14	45635575	45635722	0.179	0.091	0.04833	High
chr14	49491725	49491870	0.43	0.296	0.31218	High
chr14	52127947	52128261	0.217	0.291	0.110236	High
chr14	56564495	56564847	0.257	0.258	0.132355	High
chr14	59078580	59078886	0.124	0.325	0.055676	High
chr14	63257033	63258188	-0.145	-0.039	0.02668	Low
chr14	64893668	64896821	0.09	0.218	0.02772	High
chr14	67910287	67910438	0.101	0	0.010201	Others
chr14	77220922	77221294	0.3	0.357	0.1971	High
chr14	77783509	77783846	0.123	0.175	0.036654	High
chr14	96708994	96709458	0.133	0.078	0.028063	High
chr14	100378660	100378992	0.084	0.401	0.04074	High
chr14	100557055	100557124	0.276	0.387	0.182988	High
chr14	100705906	100706105	-0.149	0.068	0.012069	Others
chr14	101230019	101230140	0.199	0.06	0.051541	High
chr14	103297684	103297787	0.097	0.157	0.024638	High
chr14	104251365	104251458	0.126	0.11	0.029736	High
chr14	104430044	104430150	0.101	0.297	0.040198	High
chr14	104430407	104430694	0.08	0.171	0.02008	High
chr14	104945515	104946009	-0.095	-0.128	0.021185	Low
chr14	105110320	105113244	0.146	0.254	0.0584	High
chr15	20376210	20384359	-0.244	-0.065	0.075396	Low
chr15	21290709	21291598	0.128	-0.036	0.011776	Others
chr15	22272719	22272845	0.099	0.05	0.014751	High
chr15	23961910	23962218	0.259	0.307	0.146594	High
chr15	24104720	24104927	0.125	0.182	0.038375	High
chr15	25686249	25687232	-0.255	-0.105	0.0918	Low
chr15	26776341	26776648	0.461	0.451	0.420432	High
chr15	34454773	34455098	0.166	0.261	0.070882	High
chr15	51293986	51294257	0.108	0.123	0.024948	High
chr15	57989910	57990015	0.16	0.308	0.07488	High
chr15	58304297	58304617	0.074	0.373	0.033078	High
chr15	59539583	59539750	0.157	0.135	0.045844	High
chr15	62332165	62332595	0.084	0.294	0.031752	High
chr15	68757228	68757556	0.1	0.243	0.0343	High
chr15	70479616	70479705	0.378	0.25	0.237384	High
chr15	70479617	70479765	0.455	0.246	0.318955	High
chr15	71593136	71593473	0.423	0.355	0.329094	High
chr15	72806867	72806993	0.06	0.378	0.02628	High
chr15	79599501	79599821	0.191	0.361	0.105432	High
chr15	84169268	84173806	-0.394	-0.482	0.345144	Low
chr15	90819208	90819348	0.085	0.505	0.05015	High
chr15	92131343	92133839	0.263	0.208	0.123873	High
chr15	93353860	93354221	0.126	0.241	0.046242	High
chr15	98162860	98163187	0.483	0.374	0.413931	High
chr15	98299095	98300571	-0.118	-0.003	0.014278	Low
chr15	98356841	98357406	0.074	0.438	0.037888	High
chr15	101792326	101792641	0.343	0.28	0.213689	High
chr16	541946	542070	-0.259	-0.265	0.135716	Low
chr16	584944	585099	0.14	0.054	0.02716	High
chr16	826627	826957	0.196	0.176	0.072912	High
chr16	917292	917383	0.107	0.117	0.023968	High
chr16	1199056	1199152	0.148	0.222	0.05476	High
chr16	1457457	1457556	0.43	0.031	0.19823	High
chr16	1459685	1459964	0.038	0.453	0.018658	High
chr16	19219107	19219458	0.101	0.164	0.026765	High
chr16	21402371	21402457	-0.686	-0.542	0.842408	Low
chr16	22535269	22535520	0.291	-0.005	0.083226	Others
chr16	25328788	25331805	-0.203	-0.044	0.050141	Low
chr16	25612233	25612539	0.552	0.182	0.405168	High
chr16	30170153	30170279	0.173	0.092	0.045845	High
chr16	31104662	31105189	0.383	0.008	0.149753	High
chr16	34274400	34276431	-0.089	-0.271	0.03204	Low
chr16	36101940	36102359	0.124	-0.006	0.014632	Others
chr16	36315060	36315736	0.202	0.206	0.082416	High
chr16	54626444	54626752	0.256	0.368	0.159744	High
chr16	56540674	56540844	0.4	0.286	0.2744	High
chr16	57691483	57693933	0.188	0.227	0.07802	High
chr16	62012957	62013289	0.429	0.36	0.338481	High
chr16	63584632	63584802	0.333	0.455	0.262404	High
chr16	69325359	69325426	0.09	0.087	0.01593	High
chr16	72057480	72059194	-0.086	-0.065	0.012986	Low
chr16	81140231	81140738	-0.101	-0.091	0.019392	Low
chr16	81866385	81866668	-0.072	-0.246	0.022896	Low
chr16	86836260	86836327	0.13	0.44	0.0741	High
chr16	86884185	86884266	0.035	0.281	0.01106	High
chr16	87564050	87564148	0.06	0.161	0.01326	High
chr16	88122050	88122254	0.131	0.052	0.023973	High
chr16	88206896	88207425	0.224	0.173	0.088928	High
chr16	88207037	88207341	0.192	0.141	0.063936	High
chr16	88547324	88547559	-0.38	-0.335	0.2717	Low
chr16	88741723	88741902	-0.153	-0.1	0.038709	Low
chr16	89083903	89084162	0.181	0.077	0.046698	High
chr16	89121990	89122126	0.196	0.048	0.047824	High
chr16	89160373	89160464	0.147	-0.019	0.018816	Others
chr16	89834088	89834681	0.129	0.231	0.04644	High
chr17	121521	121976	0.191	-0.127	0.012224	Others
chr17	124211	124780	0.33	0.395	0.23925	High
chr17	363496	363856	0.355	-0.036	0.113245	Others
chr17	404229	404373	0.117	0.014	0.015327	High
chr17	820561	821699	0.236	0	0.055696	Others
chr17	1194456	1194910	-0.093	-0.02	0.010509	Low
chr17	1751381	1752105	0.256	0.09	0.088576	High
chr17	3686569	3687825	-0.458	-0.217	0.30915	Low
chr17	5561418	5561741	0.124	0.04	0.020336	High
chr17	6030286	6030602	0.468	0.498	0.452088	High
chr17	7037069	7037443	0.102	0.944	0.106692	High
chr17	8885594	8885773	-0.628	-0.604	0.773696	Low
chr17	14286593	14288237	-0.303	-0.2	0.152409	Low
chr17	21309594	21317869	-0.094	-0.224	0.029892	Low
chr17	21678687	21679846	-0.089	-0.105	0.017266	Low
chr17	21846235	21847320	-0.139	-0.336	0.066025	Low
chr17	21902696	21902994	0.098	0.171	0.026362	High
chr17	26602383	26602722	-0.165	-0.288	0.074745	Low
chr17	26638508	26638626	0.08	0.077	0.01256	High
chr17	26766541	26767008	0.461	0.082	0.250323	High
chr17	26810800	26811149	0.074	0.082	0.011544	High
chr17	26811753	26811926	-0.172	-0.117	0.049708	Low
chr17	26845783	26846087	0.106	0.088	0.020564	High
chr17	26964339	26969432	-0.157	-0.337	0.077558	Low
chr17	30665885	30666612	0.675	0.143	0.55215	High
chr17	32276728	32276917	0.229	0.354	0.133507	High
chr17	43232755	43235784	-0.607	-0.7	0.793349	Low
chr17	43298134	43298233	0.323	0.665	0.319124	High
chr17	43298291	43299868	0.486	0.414	0.4374	High
chr17	43300219	43301607	-0.816	-0.409	0.9996	Low
chr17	43975862	43975941	0.143	0.292	0.062205	High
chr17	54245745	54245901	0.331	0.335	0.220446	High
chr17	64422081	64422355	0.245	0.307	0.13524	High
chr17	64718560	64718693	0.09	0.025	0.01035	High
chr17	65275935	65276253	0.447	0.211	0.294126	High
chr17	73726403	73726816	0.228	0.314	0.123576	High
chr17	75044187	75044503	0.439	0.027	0.204574	High
chr17	76787243	76792225	-0.078	-0.106	0.014352	Low
chr17	77239866	77240207	0.129	0.093	0.028638	High
chr17	77776635	77776712	0.235	0.154	0.091415	High
chr17	80889806	80889881	0.102	0	0.010404	Others
chr17	81503458	81504444	-0.271	-0.028	0.081029	Low
chr17	81643325	81643639	0.225	0.117	0.07695	High
chr17	83066716	83066800	0.138	0.245	0.052854	High
chr17	83068228	83068363	0.15	0.026	0.0264	High
chr17	83102017	83103106	0.066	0.484	0.0363	High
chr17	83217455	83217830	0.143	-0.03	0.016159	Others
chr18	514620	515142	0.094	0.055	0.014006	High
chr18	6272749	6273215	-0.086	-0.165	0.021586	Low
chr18	11014986	11015155	0.416	0.197	0.255008	High
chr18	11509706	11511474	0.34	0.352	0.23528	High
chr18	12227982	12228047	0.397	0.356	0.298941	High
chr18	14549338	14550487	-0.209	-0.126	0.070015	Low
chr18	14860095	14860348	0.268	-0.004	0.070752	Others
chr18	15010441	15010493	0.241	0.238	0.115439	High
chr18	20617865	20620924	-0.1	-0.06	0.016	Low
chr18	20640975	20641707	0.064	0.185	0.015936	High
chr18	20644037	20644887	-0.275	-0.295	0.15675	Low
chr18	20718196	20719047	0.081	0.048	0.010449	High
chr18	20743298	20744147	0.229	0.358	0.134423	High
chr18	20750497	20753005	0.133	0.081	0.028462	High
chr18	20757147	20758167	-0.179	-0.165	0.061576	Low
chr18	20765789	20767661	-0.099	-0.056	0.015345	Low
chr18	20786531	20786872	0.296	0.235	0.157176	High
chr18	24323398	24324628	0.076	0.128	0.015504	High
chr18	24410778	24412082	0.121	0.367	0.059048	High
chr18	26829029	26829447	0.059	0.3	0.021181	High
chr18	26991656	26992376	0.169	0.114	0.047827	High
chr18	28693035	28698455	0.144	0.183	0.047088	High
chr18	30049715	30050040	0.601	0.42	0.613621	High
chr18	33820226	33820419	-0.069	-0.159	0.015732	Low
chr18	46758454	46758790	0.464	0.882	0.624544	High
chr18	47033994	47034569	-0.124	-0.102	0.028024	Low
chr18	47573523	47573834	0.257	0.511	0.197376	High
chr18	48870098	48870178	0.122	0.535	0.080154	High
chr18	49493481	49493802	0.244	0.867	0.271084	High
chr18	57279506	57281485	-0.166	0.01	0.025896	Others
chr18	59590946	59591283	0.228	0.126	0.080712	High
chr18	61616629	61616864	0.188	0.519	0.132916	High
chr18	70717025	70720004	-0.106	-0.15	0.027136	Low
chr18	75299569	75299700	0.218	0.317	0.11663	High
chr18	77057814	77058114	0.038	0.359	0.015086	High
chr18	78502520	78502706	0.163	0.176	0.055257	High
chr18	79549941	79552080	0.164	0.17	0.054776	High
chr18	79826418	79826483	0.168	0.316	0.081312	High
chr18	79888370	79888447	0.104	0.129	0.024232	High
chr18	80071247	80072215	0.077	0.056	0.010241	High
chr19	298413	298977	-0.112	-0.164	0.030912	Low
chr19	361464	361783	0.106	0.003	0.011554	High
chr19	458278	458340	0.342	0.219	0.191862	High
chr19	458469	458553	0.533	0.209	0.395486	High
chr19	566149	569356	0.41	-0.028	0.15662	Others
chr19	667323	667479	0.302	0.142	0.134088	High
chr19	1137709	1138163	0.064	0.218	0.018048	High
chr19	1612551	1612906	0.047	0.187	0.010998	High
chr19	2128672	2128989	-0.091	-0.096	0.017017	Low
chr19	3444079	3444220	0.14	-0.054	0.01204	Others
chr19	3973361	3974430	0.063	0.247	0.01953	High
chr19	3973793	3974859	0.078	0.155	0.018174	High
chr19	6152284	6152550	0.221	0.123	0.076024	High
chr19	6163188	6163478	0.412	0.193	0.24926	High
chr19	6355831	6355880	0.12	0.087	0.02484	High
chr19	8285061	8299909	-0.24	-0.14	0.0912	Low
chr19	8890772	8891091	0.201	0.043	0.049044	High
chr19	9701594	9701709	0.21	0.092	0.06342	High
chr19	13664873	13666035	-0.287	-0.228	0.147805	Low
chr19	15651126	15651598	0.213	0.122	0.071355	High
chr19	17745304	17745993	0.633	0.076	0.448797	High
chr19	21584228	21584524	-0.211	-0.169	0.08018	Low
chr19	21865695	21865919	0.078	0.083	0.012558	High
chr19	34079386	34079581	0.1	0.078	0.0178	High
chr19	39898333	39898876	0.024	0.484	0.012192	High
chr19	39900185	39900497	0.158	0.077	0.03713	High
chr19	40107182	40109852	0.513	0.054	0.290871	High
chr19	46293548	46293875	0.316	0.452	0.242688	High
chr19	46314067	46315467	0.148	0.091	0.035372	High
chr19	47025008	47025474	0.244	0.378	0.151768	High
chr19	49386218	49386541	0.302	0.068	0.11174	High
chr19	50574632	50579253	-0.117	0.021	0.011232	Others
chr19	50903499	50905074	0.445	-0.04	0.180225	Others
chr19	51952955	51953129	0.184	0.138	0.059248	High
chr19	52385563	52388130	0.089	0.261	0.03115	High
chr19	52820095	52820415	0.842	0.016	0.722436	High
chr19	52918944	52920952	0.594	0.013	0.360558	High
chr19	55096807	55096960	0.129	0.075	0.026316	High
chr19	55097522	55097585	0.205	0.033	0.04879	High
chr19	56600176	56600493	0.169	0.034	0.034307	High
chr19	57171947	57172001	-0.057	-0.349	0.023142	Low
chr19	58106421	58106757	0.321	0.189	0.16371	High
chr20	1839721	1839900	0.163	0.336	0.081337	High
chr20	2883355	2883676	0.606	0.006	0.370872	High
chr20	3041109	3041405	0.086	0.047	0.011438	High
chr20	3057220	3057535	0.188	0.186	0.070312	High
chr20	5452923	5453186	0.16	0.119	0.04464	High
chr20	5453325	5453624	0.479	0.046	0.251475	High
chr20	11536617	11536939	0.455	0.531	0.44863	High
chr20	16259677	16260094	0.104	0.101	0.02132	High
chr20	19080772	19081084	0.736	0.127	0.635168	High
chr20	25602611	25602938	0.227	0.17	0.090119	High
chr20	26310314	26313717	-0.107	-0.049	0.016692	Low
chr20	26475306	26478701	-0.09	-0.069	0.01431	Low
chr20	26484035	26486412	0.086	0.092	0.015308	High
chr20	26590815	26596790	0.154	0.13	0.043736	High
chr20	28756535	28757563	-0.274	-0.047	0.087954	Low
chr20	29285727	29285880	0.13	0.068	0.02574	High
chr20	29515521	29516417	-0.168	-0.36	0.088704	Low
chr20	29930183	29930867	-0.177	-0.058	0.041595	Low
chr20	29936019	29936876	-0.124	-0.072	0.024304	Low
chr20	29942876	29944582	-0.177	-0.159	0.059472	Low
chr20	30108578	30109635	0.084	0.085	0.014196	High
chr20	30110280	30111438	-0.109	0.004	0.011445	Others
chr20	30119961	30121118	0.079	0.077	0.012324	High
chr20	30405428	30405550	0.042	0.652	0.029148	High
chr20	30845763	30848042	0.38	-0.206	0.06612	Others
chr20	32739555	32740226	0.141	0.366	0.071487	High
chr20	41277677	41278857	0.074	0.396	0.03478	High
chr20	44679002	44679388	0.091	0.108	0.018109	High
chr20	44679693	44680246	0.039	0.403	0.017238	High
chr20	45575422	45578659	-0.061	-0.249	0.01891	Low
chr20	45906708	45907143	0.034	0.601	0.02159	High
chr20	48506452	48508513	-0.098	-0.028	0.012348	Low
chr20	48509044	48509435	0.217	0.209	0.092442	High
chr20	51875573	51875931	0.282	-0.084	0.055836	Others
chr20	55497625	55497944	0.635	0.323	0.60833	High
chr20	55888164	55888480	0.377	0.251	0.236756	High
chr20	60087440	60087580	-0.1	-0.499	0.0599	Low
chr20	61653597	61653829	0.28	0.567	0.23716	High
chr20	61784346	61784656	0.227	0.172	0.090573	High
chr20	62373538	62373676	0.25	0.383	0.15825	High
chr20	63134923	63135275	0.104	0.357	0.047944	High
chr20	63266623	63266679	0.09	0.191	0.02529	High
chr20	63849825	63849875	0.329	0.05	0.124691	High
chr20	64029684	64029789	0.037	0.316	0.013061	High
chr20	64087097	64087228	0.11	0.147	0.02827	High
chr20	64087387	64087455	0.057	0.555	0.034884	High
chr21	5301088	5301433	0.361	0.429	0.28519	High
chr21	5307342	5308196	-0.369	-0.344	0.263097	Low
chr21	5348382	5355092	-0.156	-0.205	0.056316	Low
chr21	7232146	7232471	0.313	0.371	0.214092	High
chr21	7238380	7239063	-0.282	-0.114	0.111672	Low
chr21	7239817	7240491	0.221	0.376	0.131937	High
chr21	8026644	8028854	-0.068	-0.515	0.039644	Low
chr21	8548774	8548889	0.039	0.576	0.023985	High
chr21	9002886	9003209	0.56	0.241	0.44856	High
chr21	9043093	9043199	0.205	0.192	0.081385	High
chr21	9614314	9614396	0.368	0.567	0.34408	High
chr21	10404030	10415673	0.222	0.359	0.128982	High
chr21	10419898	10422650	-0.132	-0.037	0.022308	Low
chr21	10543002	10543299	0.264	0.182	0.117744	High
chr21	10769164	10770076	0.238	0.062	0.0714	High
chr21	15216058	15219131	0.342	0.465	0.275994	High
chr21	21789866	21790107	-0.15	0.027	0.01845	Others
chr21	23369910	23370223	0.111	0.438	0.060939	High
chr21	24972164	24973448	-0.092	-0.12	0.019504	Low
chr21	29179903	29180256	0.081	0.078	0.012879	High
chr21	29229495	29229834	0.343	0.253	0.204428	High
chr21	34700229	34701083	-0.178	-0.084	0.046636	Low
chr21	37589398	37589679	0.228	0.256	0.110352	High
chr21	38528422	38528745	0.155	0.492	0.100285	High
chr21	40214938	40215262	0.414	0.463	0.363078	High
chr21	42283723	42284025	0.224	0.157	0.085344	High
chr21	42587706	42589541	0.18	0.001	0.03258	High
chr21	42589890	42590144	0.23	-0.044	0.04278	Others
chr21	42590247	42590297	0.299	-0.073	0.067574	Others
chr21	44369708	44369825	-0.097	-0.124	0.021437	Low
chr21	44422972	44423142	0.142	0.104	0.034932	High
chr21	44981532	44981815	0.075	0.079	0.01155	High
chr21	44982137	44982362	0.098	0.073	0.016758	High
chr21	44982261	44982427	0.108	0.272	0.04104	High
chr21	45380396	45380535	0.174	0.254	0.074472	High
chr21	45486251	45486457	-0.225	-0.327	0.1242	Low
chr21	45501786	45502045	0.219	-0.017	0.044238	Others
chr21	45898819	45898906	0.104	0.045	0.015496	High
chr21	45987793	45987979	0.132	0.125	0.033924	High
chr21	45990026	45990093	0.232	0.107	0.078648	High
chr21	46034612	46034834	0.159	0.063	0.035298	High
chr22	10628854	10628931	0.17	0.143	0.05321	High
chr22	10699441	10699493	0.121	0.531	0.078892	High
chr22	10717900	10718008	0.093	0.166	0.024087	High
chr22	11031170	11032158	-0.238	-0.275	0.122094	Low
chr22	11152848	11155867	0.083	0.051	0.011122	High
chr22	11588146	11588323	0.37	0.471	0.31117	High
chr22	11817364	11818143	-0.286	-0.194	0.13728	Low
chr22	12370410	12370749	0.201	0.097	0.059898	High
chr22	15627031	15636067	-0.119	-0.015	0.015946	Low
chr22	16261235	16261823	-0.101	-0.384	0.048985	Low
chr22	17616750	17617059	0.031	0.609	0.01984	High
chr22	18370502	18370555	0.268	0.633	0.241468	High
chr22	18900013	18900952	0.429	-0.104	0.139425	Others
chr22	30649479	30650245	-0.265	-0.327	0.15688	Low
chr22	33359627	33364117	-0.119	-0.053	0.020468	Low
chr22	37509670	37510147	-0.26	-0.565	0.2145	Low
chr22	38217260	38217415	0.192	0.051	0.046656	High
chr22	38648357	38648721	-0.07	-0.278	0.02436	Low
chr22	43153319	43153645	0.123	0.173	0.036408	High
chr22	43834339	43834506	0.212	0.096	0.065296	High
chr22	45587276	45587389	0.175	0.474	0.113575	High
chr22	46621576	46621647	0.153	0.008	0.024633	High
chr22	47211926	47212305	0.101	0.405	0.051106	High
chr22	47300713	47301108	-0.136	-0.374	0.06936	Low
chr22	47381210	47381299	0.299	0.243	0.162058	High
chr22	47405573	47405813	-0.162	-0.394	0.090072	Low
chr22	48497504	48497737	-0.091	-0.148	0.021749	Low
chr22	50028623	50028885	0.547	0.215	0.416814	High
chr22	50028975	50029318	0.514	0.249	0.392182	High
chr22	50147197	50147484	0.287	-0.064	0.064001	Others
