chr1	181210	181448	0.184	0.114	0.054832	High
chr1	909169	909479	0.258	0.098	0.091848	High
chr1	909419	909508	0.281	0.057	0.094978	High
chr1	934064	934903	-0.126	-0.21	0.042336	Low
chr1	977269	977858	0.059	0.456	0.030385	High
chr1	1076227	1076644	-0.151	-0.143	0.044394	Low
chr1	2124042	2124116	-0.092	-0.107	0.018308	Low
chr1	2669928	2670489	-0.132	-0.119	0.033132	Low
chr1	2949573	2949719	0.314	0.193	0.159198	High
chr1	3433530	3433606	0.248	0.372	0.15376	High
chr1	3800438	3800587	0.679	0.131	0.54999	High
chr1	3999762	3999879	0.218	0.141	0.078262	High
chr1	4065805	4066364	0.222	0.026	0.055056	High
chr1	6012277	6012520	0.158	0.006	0.025912	High
chr1	14331214	14331989	0.348	0.482	0.28884	High
chr1	16744928	16746691	-0.133	-0.108	0.032053	Low
chr1	16950111	16950404	0.41	0.22	0.2583	High
chr1	20170696	20171243	0.291	0.088	0.110289	High
chr1	21388884	21389105	0.153	0.046	0.030447	High
chr1	27477601	27477929	0.362	0.353	0.25883	High
chr1	31176905	31177031	0.343	0.052	0.135485	High
chr1	36958133	36958417	0.126	0.052	0.022428	High
chr1	42166805	42167123	0.053	0.243	0.015688	High
chr1	44709456	44710391	0.05	0.445	0.02475	High
chr1	45900435	45900763	0.098	0.006	0.010192	High
chr1	53129453	53129930	-0.085	-0.198	0.024055	Low
chr1	58552311	58552562	0.41	0.226	0.26076	High
chr1	65558490	65564583	0.1	0.238	0.0338	High
chr1	65670034	65670363	0.093	0.362	0.042315	High
chr1	67542276	67543132	0.065	0.252	0.020605	High
chr1	80728656	80728982	0.652	0.584	0.805872	High
chr1	91668658	91669341	0.127	0.234	0.045847	High
chr1	105324148	105324421	0.239	0.237	0.113764	High
chr1	113068700	113071154	0.474	0.16	0.300516	High
chr1	120827522	120829339	0.088	0.141	0.020152	High
chr1	121618819	121619354	-0.239	-0.256	0.118305	Low
chr1	121739323	121740169	0.122	0.068	0.02318	High
chr1	121757219	121758349	0.095	0.025	0.0114	High
chr1	121766923	121767262	0.115	0.063	0.02047	High
chr1	121767412	121768441	0.15	0.014	0.0246	High
chr1	121768871	121769210	-0.083	-0.14	0.018509	Low
chr1	121827122	121827657	-0.358	-0.304	0.236996	Low
chr1	124861066	124862596	-0.076	-0.115	0.014516	Low
chr1	125151488	125151647	-0.08	-0.066	0.01168	Low
chr1	143275363	143275456	-0.088	-0.053	0.012408	Low
chr1	144846229	144846559	0.116	0.167	0.032828	High
chr1	145304950	145311315	0.142	-0.004	0.019596	Others
chr1	146067231	146070370	0.081	0.07	0.012231	High
chr1	146074349	146077544	-0.172	-0.167	0.058308	Low
chr1	146956976	146959596	0.138	0.03	0.023184	High
chr1	148567856	148569397	0.219	0.066	0.062415	High
chr1	149058873	149062040	-0.137	-0.104	0.033017	Low
chr1	155190852	155191421	0.206	0.005	0.043466	High
chr1	158991561	158996410	0.345	0.235	0.2001	High
chr1	160965230	160965545	0.324	0.226	0.1782	High
chr1	161423200	161423553	0.036	0.481	0.018612	High
chr1	203918538	203920757	0.206	0.284	0.10094	High
chr1	203966701	203967171	0.071	0.303	0.026554	High
chr1	205966738	205967053	0.169	0.066	0.039715	High
chr1	207548115	207549609	-0.11	0	0.0121	Others
chr1	209904722	209912631	-0.183	-0.158	0.062403	Low
chr1	220112112	220112431	0.118	0.079	0.023246	High
chr1	220329601	220330239	0.323	0.247	0.18411	High
chr1	225819063	225819241	0.166	0.116	0.046812	High
chr1	235891275	235891612	0.413	0.034	0.184611	High
chr1	238689007	238689949	0.18	0.225	0.0729	High
chr1	245976545	245977048	0.137	-0.014	0.016851	Others
chr1	245991751	245992085	0.047	0.269	0.014852	High
chr1	245992515	245992843	0.099	0.109	0.020592	High
chr1	246783012	246783283	-0.043	-0.3	0.014749	Low
chr1	247116936	247117622	0.09	0.025	0.01035	High
chr1	248676749	248676823	0.063	0.111	0.010962	High
chr2	198020	198175	0.156	0.11	0.041496	High
chr2	294104	294295	0.275	0.065	0.0935	High
chr2	307131	308217	0.094	0.13	0.021056	High
chr2	308815	308919	0.264	-0.014	0.066	Others
chr2	399665	400287	0.164	0.18	0.056416	High
chr2	427395	427494	0.131	0.035	0.021746	High
chr2	436513	436585	0.502	0.235	0.369974	High
chr2	488094	488406	0.21	0.119	0.06909	High
chr2	495130	495399	0.068	0.259	0.022236	High
chr2	495609	495818	0.25	0.142	0.098	High
chr2	732672	732722	-0.22	-0.089	0.06798	Low
chr2	1106837	1107356	-0.085	-0.086	0.014535	Low
chr2	1343046	1343272	0.249	0.017	0.066234	High
chr2	1522245	1522365	0.261	0.25	0.133371	High
chr2	1535379	1535696	0.291	0.233	0.152484	High
chr2	2034396	2035288	0.12	0.233	0.04236	High
chr2	4171046	4175887	-0.372	-0.127	0.185628	Low
chr2	5069043	5069368	0.448	0.42	0.388864	High
chr2	5347635	5347901	0.448	0.518	0.432768	High
chr2	9785343	9788918	0.146	0.351	0.072562	High
chr2	15026161	15026486	0.211	0.112	0.068153	High
chr2	16110985	16111308	0.239	0.399	0.152482	High
chr2	20466904	20467210	0.257	0.164	0.108197	High
chr2	31119859	31120173	0.311	0.243	0.172294	High
chr2	32866660	32870555	0.241	0.46	0.168941	High
chr2	36728517	36728832	0.254	0.325	0.147066	High
chr2	38403644	38403789	0.118	0.057	0.02065	High
chr2	44257089	44264173	0.087	0.088	0.015225	High
chr2	49385743	49386065	0.44	0.562	0.44088	High
chr2	76546435	76548310	0.077	0.086	0.012551	High
chr2	78830521	78830856	0.716	0.51	0.877816	High
chr2	78849444	78854079	0.324	0.459	0.253692	High
chr2	81526480	81526784	0.314	0.372	0.215404	High
chr2	82530021	82530319	0.098	0.015	0.011074	High
chr2	85099847	85100153	0.189	0.259	0.084672	High
chr2	85108234	85108551	0.138	0.201	0.046782	High
chr2	85291982	85292318	0.211	0.213	0.089464	High
chr2	87348869	87349036	0.062	0.116	0.011036	High
chr2	88301297	88301622	0.181	0.548	0.131949	High
chr2	90290622	90291155	-0.236	-0.21	0.105256	Low
chr2	91409535	91409703	0.156	0.109	0.04134	High
chr2	91412652	91412798	0.141	0.174	0.044415	High
chr2	112139319	112139723	-0.145	-0.06	0.029725	Low
chr2	112776428	112776611	-0.044	-0.268	0.013728	Low
chr2	113651646	113653665	-0.406	-0.01	0.168896	Low
chr2	121040229	121040822	-0.353	-0.127	0.16944	Low
chr2	121893068	121893167	0.24	0.112	0.08448	High
chr2	125752134	125753020	0.513	0.282	0.407835	High
chr2	130065031	130065329	0.149	0.103	0.037548	High
chr2	130197356	130199829	0.152	0.197	0.053048	High
chr2	131425101	131425217	-0.149	-0.415	0.084036	Low
chr2	141638404	141639008	-0.062	-0.165	0.014074	Low
chr2	149770456	149770776	0.373	0.526	0.335327	High
chr2	150542489	150542596	-0.294	-0.237	0.156114	Low
chr2	165410998	165411320	0.296	0.303	0.177304	High
chr2	166988442	166994697	0.212	0.13	0.072504	High
chr2	169248605	169254651	0.169	0.2	0.062361	High
chr2	173024192	173024515	0.148	0.207	0.05254	High
chr2	173287002	173287316	0.108	0.664	0.083376	High
chr2	175813070	175813673	0.167	0.602	0.128423	High
chr2	175813678	175814283	0.468	0.104	0.267696	High
chr2	177876277	177877377	-0.141	-0.244	0.054285	Low
chr2	187556833	187557351	0.252	0.097	0.087948	High
chr2	187637249	187637322	0.114	0.109	0.025422	High
chr2	191742494	191742619	0.102	0.011	0.011526	High
chr2	196749892	196750223	0.334	0.058	0.130928	High
chr2	201856925	201857245	0.669	0.355	0.685056	High
chr2	208586992	208587318	0.368	0.683	0.386768	High
chr2	212709947	212710252	0.192	0.443	0.12192	High
chr2	220481211	220481538	0.209	0.363	0.119548	High
chr2	224428234	224428681	0.18	0.144	0.05832	High
chr2	226300708	226306452	-0.075	-0.108	0.013725	Low
chr2	231131462	231131785	0.188	0.031	0.041172	High
chr2	231825063	231825378	0.127	0.105	0.029464	High
chr2	231827196	231827640	-0.179	-0.171	0.06265	Low
chr2	231838352	231839065	0.073	0.121	0.014162	High
chr2	232468008	232468754	0.112	0.079	0.021392	High
chr2	235043339	235043446	0.358	0.123	0.172198	High
chr2	235186024	235186352	0.408	0.308	0.292128	High
chr2	235488171	235488603	0.225	0.254	0.107775	High
chr2	235734944	235735088	0.084	0.178	0.022008	High
chr2	237543087	237544290	0.295	0.388	0.201485	High
chr2	238500730	238501055	0.215	0.294	0.109435	High
chr2	239231772	239231981	-0.264	-0.04	0.080256	Low
chr2	240623367	240623461	0.223	0.129	0.078496	High
chr2	240843200	240843416	0.39	0.208	0.23322	High
chr2	240923733	240923939	0.046	0.215	0.012006	High
chr2	240924149	240924584	0.14	0.197	0.04718	High
chr3	11697	11773	-0.213	-0.301	0.109482	Low
chr3	187088	192720	-0.162	-0.091	0.040986	Low
chr3	482991	483346	0.165	0.128	0.048345	High
chr3	483026	483203	-0.161	-0.139	0.0483	Low
chr3	1638380	1638575	0.116	0.347	0.053708	High
chr3	1638913	1639108	0.203	0.106	0.062727	High
chr3	7099506	7099680	0.178	0.238	0.074048	High
chr3	23722566	23722895	0.123	0.14	0.032349	High
chr3	25657905	25658071	0.113	0.088	0.022713	High
chr3	26745214	26745533	0.339	0.553	0.302388	High
chr3	32162369	32162650	0.112	0.159	0.030352	High
chr3	36453627	36453765	0.245	0.102	0.085015	High
chr3	38081460	38081759	0.055	0.156	0.011605	High
chr3	46756126	46808788	0.159	-0.095	0.010176	Others
chr3	49938767	49939538	0.814	0.036	0.6919	High
chr3	51858999	51859125	0.32	0.107	0.13664	High
chr3	66063569	66063882	0.2	0.06	0.052	High
chr3	74716261	74716583	0.451	0.451	0.406802	High
chr3	76730342	76730789	0.269	0.146	0.111635	High
chr3	80770514	80770577	0.218	0.252	0.10246	High
chr3	93768819	93768946	0.236	0.156	0.092512	High
chr3	95397348	95397677	0.53	0.475	0.53265	High
chr3	117050758	117050855	0.221	0.059	0.06188	High
chr3	122419595	122419920	-0.096	-0.141	0.022752	Low
chr3	125217451	125218318	0.104	0.055	0.016536	High
chr3	127308884	127309033	0.303	0.552	0.259065	High
chr3	130628722	130634263	0.203	0.18	0.077749	High
chr3	131958958	131959298	0.35	0.337	0.24045	High
chr3	149550684	149552358	0.155	0.292	0.069285	High
chr3	162690508	162690823	0.403	0.328	0.294593	High
chr3	177663527	177667624	0.089	0.114	0.018067	High
chr3	179121376	179121485	0.082	0.045	0.010414	High
chr3	187108867	187109180	0.162	0.09	0.040824	High
chr3	191346896	191353862	0.286	0.112	0.113828	High
chr3	191863114	191863344	0.097	0.411	0.049276	High
chr3	193157540	193167615	0.383	-0.041	0.130986	Others
chr3	195619213	195619383	0.139	0.112	0.034889	High
chr3	195619232	195619459	0.11	0.08	0.0209	High
chr3	195926642	195926956	0.084	0.114	0.016632	High
chr3	195927519	195928491	0.105	-0.006	0.010395	Others
chr3	197207701	197212375	-0.079	-0.075	0.012166	Low
chr4	1520749	1520994	0.178	-0.095	0.014774	Others
chr4	1545640	1547129	0.199	0.031	0.04577	High
chr4	3309063	3309221	-0.293	-0.455	0.219164	Low
chr4	3309805	3309960	-0.135	-0.145	0.0378	Low
chr4	4114828	4115126	0.257	0.41	0.171419	High
chr4	6649862	6651182	-0.166	-0.19	0.059096	Low
chr4	7255875	7255958	0.268	0.579	0.226996	High
chr4	7336418	7336641	-0.223	-0.135	0.079834	Low
chr4	7748677	7748742	0.236	0.188	0.100064	High
chr4	9950666	9950915	0.169	0.321	0.08281	High
chr4	9955197	9955514	0.215	0.181	0.08514	High
chr4	12157715	12161254	0.278	0.038	0.087848	High
chr4	16944617	16944925	0.256	-0.002	0.065024	Others
chr4	19519800	19520215	0.421	0.616	0.436577	High
chr4	25239427	25239567	0.234	0.015	0.058266	High
chr4	25495528	25495840	0.495	0.686	0.584595	High
chr4	38262656	38263848	0.157	0.182	0.053223	High
chr4	41443177	41443276	0.58	0.552	0.65656	High
chr4	44016775	44016975	0.13	0.181	0.04043	High
chr4	49187132	49187449	0.174	0.344	0.090132	High
chr4	49248569	49249394	0.211	0.248	0.096849	High
chr4	49276727	49277587	0.118	0.096	0.025252	High
chr4	49277158	49277213	0.084	0.1	0.015456	High
chr4	49654595	49654734	0.258	0.205	0.119454	High
chr4	50203334	50204014	0.146	0.253	0.058254	High
chr4	51806632	51807309	-0.152	-0.103	0.03876	Low
chr4	57281850	57282175	0.494	0.47	0.476216	High
chr4	58021131	58022167	0.156	0.277	0.067548	High
chr4	58741424	58741743	0.103	0.163	0.027398	High
chr4	63917866	63918835	0.31	0.569	0.27249	High
chr4	82258625	82258936	0.053	0.361	0.021942	High
chr4	85643232	85643562	0.325	0.626	0.309075	High
chr4	87370720	87371050	0.415	0.047	0.19173	High
chr4	87854483	87854799	0.147	0.753	0.1323	High
chr4	91240078	91241327	0.168	0.201	0.061992	High
chr4	93638288	93644338	0.4	0.287	0.2748	High
chr4	106498334	106498641	0.497	0.448	0.469665	High
chr4	109577584	109577908	0.474	0.057	0.251694	High
chr4	116779037	116779941	-0.098	-0.119	0.021266	Low
chr4	118375187	118375522	0.615	0.331	0.58179	High
chr4	120887774	120888090	0.266	0.217	0.128478	High
chr4	124946206	124946534	0.263	0.449	0.187256	High
chr4	135006381	135006701	0.407	0.558	0.392755	High
chr4	137022849	137022975	0.444	0.356	0.3552	High
chr4	141309624	141311907	-0.34	-0.327	0.22678	Low
chr4	143652134	143652460	0.225	0.111	0.0756	High
chr4	159094715	159094846	0.137	0.106	0.033291	High
chr4	163580788	163581100	0.326	0.074	0.1304	High
chr4	172503883	172512368	-0.12	0.016	0.01248	Others
chr4	173611908	173614759	-0.146	0.057	0.012994	Others
chr4	173867630	173867979	0.621	0.209	0.51543	High
chr4	183736169	183736733	0.129	0.032	0.020769	High
chr4	183753115	183754574	0.179	-0.009	0.03043	Others
chr4	185234386	185234696	0.099	0.044	0.014157	High
chr4	185277711	185278029	0.251	0.092	0.086093	High
chr4	186175796	186176587	-0.438	-0.435	0.382374	Low
chr4	186432310	186436009	0.501	0.194	0.348195	High
chr4	186476767	186477718	-0.241	-0.155	0.095436	Low
chr4	186965225	186965341	0.216	-0.012	0.044064	Others
chr4	188159731	188159780	0.181	0.261	0.080002	High
chr4	188796982	188797044	0.22	0.102	0.07084	High
chr4	188872085	188872403	0.185	0.34	0.097125	High
chr4	188973591	188973796	0.068	0.134	0.013736	High
chr4	188974475	188974883	0.19	0.07	0.0494	High
chr4	189011329	189011543	0.135	0.005	0.0189	High
chr4	189051778	189052021	-0.704	-0.365	0.752576	Low
chr4	189308559	189308642	0.066	0.115	0.011946	High
chr4	189308895	189309020	0.212	0.058	0.05724	High
chr4	190120251	190120554	0.189	0.049	0.044982	High
chr5	53218	53435	-0.658	-0.302	0.63168	Low
chr5	211838	211925	0.135	0.033	0.02268	High
chr5	358074	358135	0.386	0.008	0.152084	High
chr5	391841	392346	0.373	0.049	0.157406	High
chr5	481882	482036	-0.099	-0.303	0.039798	Low
chr5	484088	484323	-0.295	-0.082	0.111215	Low
chr5	486992	487157	0.15	0.315	0.06975	High
chr5	495377	495761	0.236	0.259	0.11682	High
chr5	557728	557863	0.094	0.113	0.019458	High
chr5	563313	563527	0.142	0.065	0.029394	High
chr5	563863	564292	-0.163	-0.308	0.076773	Low
chr5	667822	668110	0.268	0.026	0.078792	High
chr5	976079	976214	0.211	0.094	0.064355	High
chr5	1682348	1682659	0.167	0.541	0.118236	High
chr5	1941030	1941339	0.335	0.466	0.268335	High
chr5	3499147	3499467	0.298	0.385	0.203534	High
chr5	3502199	3502526	0.314	0.202	0.162024	High
chr5	3637924	3638913	0.338	0.053	0.132158	High
chr5	3638056	3639243	0.142	0.175	0.045014	High
chr5	10638964	10639056	0.084	0.047	0.011004	High
chr5	13855191	13855505	0.073	0.568	0.046793	High
chr5	26600608	26600725	0.217	0.534	0.162967	High
chr5	35191032	35191368	0.553	0.302	0.472815	High
chr5	46814880	46816413	0.293	0.188	0.140933	High
chr5	46826977	46827318	-0.182	-0.266	0.081536	Low
chr5	46830749	46832793	0.155	0.056	0.032705	High
chr5	46850665	46851176	0.436	0.324	0.33136	High
chr5	46861477	46865222	-0.112	-0.085	0.022064	Low
chr5	46876490	46880747	0.097	0.116	0.020661	High
chr5	47286982	47288679	0.174	0.124	0.051852	High
chr5	50938546	50943629	-0.48	0.055	0.204	Others
chr5	56014553	56014602	0.234	0.11	0.080496	High
chr5	56133379	56134518	0.414	-0.042	0.154008	Others
chr5	60705877	60707837	-0.164	-0.25	0.067896	Low
chr5	66050213	66050542	0.076	0.063	0.010564	High
chr5	71009536	71015223	0.249	0.097	0.086154	High
chr5	76139838	76139955	-0.303	0.065	0.072114	Others
chr5	81455323	81455651	0.16	0.013	0.02768	High
chr5	81886660	81887001	0.236	0.12	0.084016	High
chr5	84319173	84319520	0.037	0.451	0.018056	High
chr5	88083063	88086246	-0.443	0.083	0.15948	Others
chr5	88747321	88747648	0.334	0.369	0.234802	High
chr5	94773920	94774248	0.185	0.086	0.050135	High
chr5	99009417	99011777	0.3	-0.042	0.0774	Others
chr5	99838610	99838923	0.063	0.323	0.024318	High
chr5	100272443	100272754	0.331	0.614	0.312795	High
chr5	114123340	114123662	0.096	0.402	0.047808	High
chr5	115420801	115422191	-0.176	-0.108	0.049984	Low
chr5	121050710	121053792	-0.432	0.148	0.122688	Others
chr5	125028142	125028467	0.332	0.217	0.182268	High
chr5	128071747	128075223	0.502	-0.006	0.248992	Others
chr5	133799002	133800796	-0.175	-0.037	0.0371	Low
chr5	135779485	135785022	-0.265	-0.023	0.07632	Low
chr5	137686873	137688196	0.393	0.421	0.319902	High
chr5	139398761	139399054	0.369	-0.004	0.134685	Others
chr5	143801478	143806581	0.635	0.353	0.62738	High
chr5	149670416	149670542	0.396	0.064	0.18216	High
chr5	152076852	152082885	-0.6	0.246	0.2124	Others
chr5	159165389	159165733	0.674	0.083	0.510218	High
chr5	167859925	167860024	0.346	-0.015	0.114526	Others
chr5	176530228	176530323	-0.719	-0.286	0.722595	Low
chr5	176984239	176984314	0.227	0.013	0.05448	High
chr5	178518639	178518717	0.199	0.19	0.077411	High
chr5	179001504	179001615	0.221	0.282	0.111163	High
chr5	179653664	179653961	0.127	0.206	0.042291	High
chr5	180113201	180113428	-0.2	-0.028	0.0456	Low
chr5	180534806	180534903	0.095	0.027	0.01159	High
chr5	180534826	180535070	0.312	0.037	0.108888	High
chr5	181090975	181091168	0.46	-0.023	0.20102	Others
chr5	181449037	181449271	0.219	0.192	0.090009	High
chr6	601926	602445	0.525	-0.007	0.27195	Others
chr6	1234864	1235068	-0.633	-0.212	0.534885	Low
chr6	1318799	1319200	0.257	0.204	0.118477	High
chr6	3092611	3092857	0.217	-0.004	0.046221	Others
chr6	6068604	6068944	0.365	0.248	0.223745	High
chr6	7272051	7272370	0.2	-0.012	0.0376	Others
chr6	8337448	8341292	-0.06	-0.346	0.02436	Low
chr6	11444106	11444417	0.463	0.142	0.280115	High
chr6	12988305	12988978	-0.203	-0.275	0.097034	Low
chr6	19423371	19423604	0.165	0.193	0.05907	High
chr6	19676085	19677126	0.455	0.31	0.348075	High
chr6	19685345	19686273	0.093	0.156	0.023157	High
chr6	19764875	19770952	-0.296	0.144	0.044992	Others
chr6	25529642	25529782	0.287	0.118	0.116235	High
chr6	35658655	35661966	0.281	-0.005	0.077556	Others
chr6	37753810	37754011	0.727	0.269	0.724092	High
chr6	41616429	41616555	0.491	0.278	0.377579	High
chr6	50484753	50485081	0.372	0.568	0.34968	High
chr6	54981583	54986639	-0.397	-0.05	0.177459	Low
chr6	57598932	57599243	0.687	0.012	0.480213	High
chr6	57797628	57799901	-0.296	-0.276	0.169312	Low
chr6	64475259	64475572	0.59	0.374	0.56876	High
chr6	72154150	72163833	-0.426	-0.238	0.282864	Low
chr6	73446429	73446753	0.626	0.029	0.41003	High
chr6	77210382	77210692	0.231	0.494	0.167475	High
chr6	104774076	104774388	0.184	0.055	0.043976	High
chr6	115303371	115303687	0.179	0.657	0.149644	High
chr6	121476297	121476907	0.316	0.015	0.104596	High
chr6	133020681	133026745	0.126	0.175	0.037926	High
chr6	134496207	134496523	0.045	0.302	0.015615	High
chr6	139281530	139281846	0.542	0.516	0.573436	High
chr6	151779805	151779921	0.277	0.288	0.156505	High
chr6	158455044	158455371	0.201	0.014	0.043215	High
chr6	159665225	159667656	-0.14	-0.06	0.028	Low
chr6	161646075	161646124	0.618	0.211	0.512322	High
chr6	164775073	164782594	-0.104	-0.172	0.028704	Low
chr6	165311177	165318642	0.522	0.092	0.320508	High
chr6	168168575	168168804	0.104	0.137	0.025064	High
chr6	168345861	168346016	-0.192	0.064	0.024576	Others
chr6	168379838	168380117	0.163	0.038	0.032763	High
chr6	168380598	168380769	0.294	-0.035	0.076146	Others
chr6	168823056	168823328	0.093	0.176	0.025017	High
chr6	169025258	169025321	0.378	0.07	0.169344	High
chr6	169191861	169192586	0.114	0.148	0.029868	High
chr6	169963840	169963889	0.494	0.442	0.462384	High
chr6	169967250	169967597	0.365	0.344	0.258785	High
chr6	169988453	169988575	0.199	0.074	0.054327	High
chr6	170055449	170055599	0.486	0.16	0.313956	High
chr6	170218903	170219006	0.147	-0.064	0.012201	Others
chr6	170220119	170220800	0.226	0.013	0.054014	High
chr6	170236876	170237145	0.293	0.204	0.145621	High
chr6	170246336	170246886	0.152	0.198	0.0532	High
chr6	170246852	170247091	0.533	0.176	0.377897	High
chr6	170658453	170658991	-0.355	0.109	0.08733	Others
chr7	207083	207220	0.346	-0.075	0.093766	Others
chr7	224415	225779	0.106	0.168	0.029044	High
chr7	747673	747904	0.087	0.041	0.011136	High
chr7	890160	890398	0.687	0.015	0.482274	High
chr7	1016121	1016356	0.1	0.146	0.0246	High
chr7	1128457	1129246	0.2	-0.029	0.0342	Others
chr7	1145428	1148017	0.044	0.382	0.018744	High
chr7	1156100	1156399	0.815	0.011	0.67319	High
chr7	1845542	1845605	0.285	0.231	0.14706	High
chr7	2577651	2577701	0.185	0.047	0.04292	High
chr7	4118605	4120683	-0.435	0	0.189225	Others
chr7	7502678	7502977	0.143	0.206	0.049907	High
chr7	14188363	14188680	0.409	0.518	0.379143	High
chr7	23637529	23637654	0.286	0.012	0.085228	High
chr7	25018243	25018475	0.099	0.04	0.013761	High
chr7	26097379	26105874	-0.285	-0.208	0.140505	Low
chr7	29437301	29437610	0.217	0.178	0.085715	High
chr7	29984951	29985405	0.178	0.043	0.039338	High
chr7	30857447	30857745	0.45	0.126	0.2592	High
chr7	36401559	36402332	0.125	0.016	0.017625	High
chr7	37437674	37438000	0.615	0.169	0.48216	High
chr7	54396489	54396800	0.399	0.421	0.32718	High
chr7	54601280	54601845	-0.668	-0.292	0.64128	Low
chr7	54667745	54667822	0.477	0.116	0.282861	High
chr7	56820979	56821122	0.283	-0.092	0.054053	Others
chr7	57297186	57297509	0.195	0.332	0.102765	High
chr7	57995735	58007332	-0.143	0.067	0.010868	Others
chr7	61135773	61138164	-0.243	-0.048	0.070713	Low
chr7	62276790	62276855	0.512	0.051	0.288256	High
chr7	64967779	64967953	0.608	0.004	0.372096	High
chr7	66753895	66754191	0.358	-0.023	0.11993	Others
chr7	68167036	68167336	-0.475	-0.04	0.244625	Low
chr7	74917138	74918190	0.523	-0.13	0.205539	Others
chr7	76265824	76266167	0.199	0.105	0.060496	High
chr7	82099411	82099747	0.157	0.213	0.05809	High
chr7	87207298	87207606	0.092	0.184	0.025392	High
chr7	90181093	90183284	-0.247	0.124	0.030381	Others
chr7	96893431	96893758	0.134	0.417	0.073834	High
chr7	97765989	97773323	-0.456	0.211	0.11172	Others
chr7	99491885	99492451	0.203	0.031	0.047502	High
chr7	100729949	100743092	0.082	0.041	0.010086	High
chr7	100961955	100962260	0.437	0.264	0.306337	High
chr7	101003637	101004215	-0.257	-0.023	0.07196	Low
chr7	105513837	105514231	0.386	0.024	0.15826	High
chr7	109796632	109813839	-0.136	-0.338	0.064464	Low
chr7	121241042	121241379	0.448	0.307	0.33824	High
chr7	137149702	137150003	0.458	0.778	0.566088	High
chr7	137166863	137167173	0.214	0.381	0.12733	High
chr7	139057522	139057838	0.151	0.079	0.03473	High
chr7	140489754	140490389	0.359	0.116	0.170525	High
chr7	141791910	141792097	0.396	0.058	0.179784	High
chr7	144337695	144339422	0.502	0.164	0.334332	High
chr7	144664088	144664409	0.2	0.266	0.0932	High
chr7	145322578	145322876	-0.142	0.048	0.013348	Others
chr7	150765961	150766301	0.065	0.304	0.023985	High
chr7	152385313	152385643	0.302	0.131	0.130766	High
chr7	152395539	152401116	0.178	0.162	0.06052	High
chr7	152722314	152722629	0.056	0.127	0.010248	High
chr7	153314948	153315013	0.241	0.214	0.109655	High
chr7	154062138	154062363	0.434	0.137	0.247814	High
chr7	154123682	154123775	0.44	0.359	0.35156	High
chr7	154456726	154457984	0.085	0.181	0.02261	High
chr7	154600191	154608042	-0.363	0.185	0.064614	Others
chr7	154661281	154661543	0.132	0.08	0.027984	High
chr7	154662549	154664044	0.304	-0.073	0.070224	Others
chr7	155124083	155124258	0.281	0.295	0.161856	High
chr7	155366981	155367058	0.079	0.111	0.01501	High
chr7	155367171	155367248	0.142	0.106	0.035216	High
chr7	156154463	156155099	0.251	0.203	0.113954	High
chr7	156155243	156155696	0.112	0.017	0.014448	High
chr7	157649870	157649937	0.342	-0.02	0.110124	Others
chr7	157666941	157667180	-0.314	-0.184	0.156372	Low
chr7	157711236	157711368	0.248	0.091	0.084072	High
chr7	157994744	157994985	0.117	0.116	0.027261	High
chr7	158164353	158164414	-0.125	-0.117	0.03025	Low
chr7	158188216	158188274	0.388	0.188	0.223488	High
chr7	158253874	158254616	-0.255	-0.043	0.07599	Low
chr7	158336722	158337106	0.146	0.117	0.038398	High
chr7	158339440	158340130	-0.335	-0.29	0.209375	Low
chr7	158341227	158341500	0.059	0.146	0.012095	High
chr7	158485437	158485552	0.431	0.118	0.236619	High
chr7	159006217	159006482	0.155	0.155	0.04805	High
chr7	159006443	159006514	0.435	0.046	0.209235	High
chr7	159087195	159087521	-0.107	0	0.011449	Others
chr7	159090253	159090521	0.178	0.373	0.098078	High
chr7	159090742	159091010	0.26	0.431	0.17966	High
chr7	159162195	159162338	-0.13	-0.054	0.02392	Low
chr8	82492	82961	0.058	0.128	0.010788	High
chr8	714182	714568	0.345	0.015	0.1242	High
chr8	840525	840683	0.085	0.097	0.01547	High
chr8	882337	882440	0.135	0.205	0.0459	High
chr8	1691791	1692084	0.404	0.308	0.287648	High
chr8	3029630	3033693	-0.208	-0.103	0.064688	Low
chr8	3183163	3183334	0.457	0.168	0.285625	High
chr8	5122735	5122894	0.342	0.13	0.161424	High
chr8	5890654	5890982	0.076	0.589	0.05054	High
chr8	8528520	8529433	0.239	0.134	0.089147	High
chr8	11917015	11917175	0.329	0.122	0.148379	High
chr8	11917148	11917226	0.602	-0.069	0.320866	Others
chr8	12671194	12671520	0.039	0.397	0.017004	High
chr8	17104697	17105018	0.536	0.207	0.398248	High
chr8	17408092	17408415	0.355	0.344	0.248145	High
chr8	23549706	23550345	0.423	-0.019	0.170892	Others
chr8	25114917	25133427	0.166	0.286	0.075032	High
chr8	30246697	30246773	0.089	0.116	0.018245	High
chr8	42520414	42522788	0.203	0.047	0.05075	High
chr8	42717087	42717407	0.065	0.145	0.01365	High
chr8	42730750	42731094	0.509	0.214	0.368007	High
chr8	45944798	45945135	-0.384	-0.054	0.168192	Low
chr8	46968607	46968727	0.51	0.131	0.32691	High
chr8	50118531	50125728	-0.191	-0.139	0.06303	Low
chr8	52788403	52789064	-0.513	-0.313	0.423738	Low
chr8	56054757	56054909	0.488	0.14	0.306464	High
chr8	58165893	58166228	0.397	0.22	0.244949	High
chr8	62017584	62017895	0.236	0.247	0.113988	High
chr8	63798217	63800664	-0.159	-0.247	0.064554	Low
chr8	67815085	67815416	0.625	0.362	0.616875	High
chr8	73720482	73720810	0.78	0.002	0.60996	High
chr8	83384713	83384860	0.27	0.39	0.1782	High
chr8	85722369	85731623	-0.1	-0.067	0.0167	Low
chr8	85749999	85756168	-0.233	0.045	0.043804	Others
chr8	85768452	85773807	0.08	0.092	0.01376	High
chr8	85778099	85781183	-0.249	-0.159	0.101592	Low
chr8	85780645	85789082	-0.204	0.059	0.02958	Others
chr8	91140628	91140951	0.592	0.011	0.356976	High
chr8	96508477	96509686	-0.217	-0.161	0.082026	Low
chr8	97771220	97771551	-0.162	0.011	0.024462	Others
chr8	100892222	100892397	0.246	0.07	0.077736	High
chr8	102928429	102928674	0.181	0.036	0.039277	High
chr8	105691220	105691545	0.514	0.285	0.410686	High
chr8	106498865	106499189	0.42	0.361	0.32802	High
chr8	107107987	107108308	0.049	0.294	0.016807	High
chr8	117700549	117700879	0.332	0.441	0.256636	High
chr8	119142303	119148975	-0.374	-0.078	0.169048	Low
chr8	120669432	120669750	0.756	0.202	0.724248	High
chr8	130838503	130840489	-0.462	0.234	0.105336	Others
chr8	134070670	134076771	0.386	0.267	0.252058	High
chr8	136147952	136151654	-0.266	-0.134	0.1064	Low
chr8	136704570	136704895	0.268	0.175	0.118724	High
chr8	137113631	137115327	0.262	0.198	0.12052	High
chr8	137187919	137188163	0.185	0.531	0.13246	High
chr8	137848305	137848628	0.3	0.322	0.1866	High
chr8	141437040	141437298	0.387	0.13	0.200079	High
chr8	141632966	141634091	-0.489	-0.103	0.289488	Low
chr8	143323568	143323720	0.2	0.011	0.0422	High
chr8	143372957	143373186	0.127	0.151	0.035306	High
chr8	144298153	144298459	0.15	0.05	0.03	High
chr8	144612122	144612265	0.304	0.145	0.136496	High
chr8	144620226	144620385	-0.56	-0.49	0.588	Low
chr8	144624711	144625475	0.084	0.238	0.027048	High
chr8	144625702	144625752	0.805	0.085	0.71645	High
chr9	82879	83900	-0.189	0.108	0.015309	Others
chr9	320213	322468	0.892	0.002	0.797448	High
chr9	6700554	6710673	-0.439	-0.379	0.359102	Low
chr9	6888773	6889086	0.576	0.067	0.370368	High
chr9	10136559	10137719	0.133	0.132	0.035245	High
chr9	12556833	12559645	-0.249	-0.153	0.100098	Low
chr9	16389396	16389731	0.208	0.452	0.13728	High
chr9	21918055	21918371	0.392	0.098	0.19208	High
chr9	23328681	23329031	0.359	0.383	0.266378	High
chr9	24791771	24792083	0.372	0.543	0.34038	High
chr9	29092576	29098015	-0.532	0.132	0.2128	Others
chr9	29189031	29189117	0.34	0.03	0.1258	High
chr9	32315155	32315381	0.128	0.347	0.0608	High
chr9	33213072	33213930	0.211	0.031	0.051062	High
chr9	36423657	36423972	0.181	0.054	0.042535	High
chr9	38325106	38325231	0.301	0.054	0.106855	High
chr9	38863132	38874495	0.117	0.099	0.025272	High
chr9	40561933	40566035	0.212	0.351	0.119356	High
chr9	40835834	40838220	-0.154	-0.042	0.030184	Low
chr9	40902057	40902567	-0.065	-0.223	0.01872	Low
chr9	41556349	41556665	0.374	0.497	0.325754	High
chr9	42402280	42402616	0.269	0.189	0.123202	High
chr9	43169572	43170777	-0.127	-0.031	0.020066	Low
chr9	43179583	43179924	0.117	0.078	0.022815	High
chr9	60563389	60564066	-0.149	0.028	0.018029	Others
chr9	63068308	63071283	0.228	0.101	0.075012	High
chr9	63827003	63828076	0.689	0	0.474721	Others
chr9	65467165	65467242	0.206	0.02	0.046556	High
chr9	69163010	69163327	0.386	0.079	0.17949	High
chr9	69189602	69190075	0.467	0.02	0.227429	High
chr9	70848681	70848996	0.164	0.559	0.118572	High
chr9	72851030	72851082	0.43	0.148	0.24854	High
chr9	76543044	76543204	0.296	0.083	0.112184	High
chr9	76940843	76943184	0.089	0.167	0.022784	High
chr9	81862157	81862488	0.243	0.281	0.127332	High
chr9	81863856	81864160	0.501	0.118	0.310119	High
chr9	85286490	85286796	0.222	0.405	0.139194	High
chr9	87652072	87652269	0.21	0.086	0.06216	High
chr9	88135769	88139674	0.125	-0.014	0.013875	Others
chr9	92872231	92872494	0.339	0.032	0.125769	High
chr9	93968063	93968314	0.145	0.303	0.06496	High
chr9	94661588	94661700	0.147	-0.048	0.014553	Others
chr9	98266466	98266796	0.367	0.141	0.186436	High
chr9	128668239	128668322	0.185	0.017	0.03737	High
chr9	133071240	133071305	0.496	0.069	0.28024	High
chr9	133190331	133190554	-0.341	0.027	0.107074	Others
chr9	134116032	134118371	0.241	0.031	0.065552	High
chr9	134207446	134207621	-0.27	0.102	0.04536	Others
chr9	134464509	134464679	0.309	0.562	0.269139	High
chr9	134792840	134792909	0.259	0.337	0.154364	High
chr9	134849329	134849710	0.181	0.023	0.036924	High
chr9	135264827	135264916	0.294	0.404	0.205212	High
chr9	135397855	135398010	0.428	0.266	0.297032	High
chr9	135981630	135981829	-0.499	-0.293	0.395208	Low
chr9	136431229	136431477	0.198	-0.01	0.037224	Others
chr9	136770308	136770383	0.101	0.494	0.060095	High
chr9	137285634	137291831	-0.063	-0.173	0.014868	Low
chr9	137288395	137288520	0.16	0.314	0.07584	High
chr9	137781021	137781257	0.111	0.016	0.014097	High
chr9	137841316	137841821	0.347	-0.029	0.110346	Others
chr10	322510	322991	0.362	0.025	0.140094	High
chr10	323123	323220	0.352	-0.001	0.123552	Others
chr10	736064	736719	0.121	0.185	0.037026	High
chr10	736930	738233	0.199	0.111	0.06169	High
chr10	777285	777432	-0.413	-0.448	0.355593	Low
chr10	779660	779853	0.088	0.12	0.018304	High
chr10	780363	780639	-0.053	-0.325	0.020034	Low
chr10	793815	794117	0.127	0.087	0.027178	High
chr10	1326966	1327124	0.257	0.207	0.119248	High
chr10	1340464	1340589	0.439	0.17	0.267351	High
chr10	1460487	1460757	0.117	0.089	0.024102	High
chr10	2522809	2522898	0.292	0.029	0.093732	High
chr10	2523079	2523445	-0.174	-0.144	0.055332	Low
chr10	3317964	3318099	0.045	0.261	0.01377	High
chr10	6209995	6210950	0.628	0.162	0.49612	High
chr10	9273072	9273270	0.083	0.123	0.017098	High
chr10	13216008	13216319	0.112	0.062	0.019488	High
chr10	14912807	14912980	0.593	0.042	0.376555	High
chr10	15490465	15490774	0.227	0.241	0.106236	High
chr10	18214146	18214659	0.149	0.08	0.034121	High
chr10	19108379	19108715	0.35	0.4	0.2625	High
chr10	24746257	24746352	-0.186	0.079	0.019902	Others
chr10	26710086	26713223	0.34	-0.062	0.09452	Others
chr10	34395540	34395864	0.16	0.094	0.04064	High
chr10	36122939	36123257	0.319	0.51	0.264451	High
chr10	38594428	38594502	0.276	0.1	0.103776	High
chr10	38786076	38786240	-0.419	-0.163	0.243858	Low
chr10	40416253	40416592	0.262	0.248	0.13362	High
chr10	41519542	41520220	-0.121	-0.143	0.031944	Low
chr10	41533499	41534177	0.153	0.049	0.030906	High
chr10	41558539	41559557	0.082	0.067	0.012218	High
chr10	41573727	41574405	0.422	0.162	0.246448	High
chr10	42137464	42139116	0.182	0.467	0.118118	High
chr10	45870397	45870543	0.354	0.032	0.136644	High
chr10	46829433	46841259	0.271	-0.1	0.046341	Others
chr10	59882069	59882286	0.074	0.784	0.063492	High
chr10	61983855	61984032	0.444	0.207	0.289044	High
chr10	64639013	64640986	0.241	0.224	0.112065	High
chr10	64660372	64660685	0.226	0.148	0.084524	High
chr10	65547174	65555535	-0.35	-0.061	0.14385	Low
chr10	68874568	68874679	0.076	0.069	0.01102	High
chr10	70687429	70687604	0.384	0.071	0.17472	High
chr10	80977981	80978299	0.404	0.436	0.33936	High
chr10	80990540	80992892	0.362	0.182	0.196928	High
chr10	82641000	82641148	0.367	0.396	0.280021	High
chr10	97348525	97348850	0.1	0.015	0.0115	High
chr10	98152472	98152741	0.28	0	0.0784	Others
chr10	99838217	99838294	0.205	0.075	0.0574	High
chr10	102885490	102885828	0.239	0.171	0.09799	High
chr10	103293407	103294434	-0.292	-0.038	0.09636	Low
chr10	103337765	103338078	0.489	0.022	0.249879	High
chr10	107483945	107484090	0.121	0.329	0.05445	High
chr10	111431790	111432099	0.697	0.21	0.632179	High
chr10	130656080	130656213	-0.278	-0.291	0.158182	Low
chr10	131060208	131060556	0.334	0.283	0.206078	High
chr10	131190440	131190974	0.167	0.258	0.070975	High
chr10	131592430	131597129	-0.203	-0.43	0.128499	Low
chr10	132254445	132254549	0.104	0.029	0.013832	High
chr10	132254550	132254759	0.343	0.19	0.182819	High
chr10	132358789	132359098	0.118	0.063	0.021358	High
chr10	132362632	132363106	-0.344	-0.178	0.179568	Low
chr10	132741723	132741777	0.227	0.11	0.076499	High
chr10	132792635	132792741	0.18	0.223	0.07254	High
chr10	132982981	132983055	0.098	0.186	0.027832	High
chr10	133017532	133018169	0.136	0.114	0.034	High
chr10	133018368	133018479	0.344	0.071	0.14276	High
chr10	133078588	133078767	0.166	0.028	0.032204	High
chr10	133221831	133221998	0.143	0.184	0.046761	High
chr10	133222580	133223143	-0.158	-0.057	0.03397	Low
chr10	133403129	133403340	0.428	0.086	0.219992	High
chr10	133478244	133478803	0.337	0.286	0.209951	High
chr10	133480220	133480899	-0.079	-0.128	0.016353	Low
chr11	390478	390647	-0.185	-0.035	0.0407	Low
chr11	400949	401118	0.056	0.144	0.0112	High
chr11	402063	402256	0.089	0.116	0.018245	High
chr11	402462	402622	0.155	0.114	0.041695	High
chr11	735343	735396	0.059	0.138	0.011623	High
chr11	881457	881601	0.09	0.09	0.0162	High
chr11	1294786	1294973	0.117	0.029	0.017082	High
chr11	1409993	1410075	0.16	0.193	0.05648	High
chr11	1412157	1412516	0.16	0.077	0.03792	High
chr11	1430472	1431370	0.298	0.013	0.092678	High
chr11	1804125	1804256	0.413	0.192	0.249865	High
chr11	1894026	1915748	-0.049	-0.197	0.012054	Low
chr11	4781291	4781601	0.276	0.434	0.19596	High
chr11	5085734	5085980	0.209	0.224	0.090497	High
chr11	7113475	7115253	-0.235	-0.043	0.06533	Low
chr11	7188064	7188380	0.255	0.364	0.157845	High
chr11	9773026	9773351	0.245	0.105	0.08575	High
chr11	10238500	10239765	0.058	0.139	0.011426	High
chr11	12130997	12131320	0.173	0.212	0.066605	High
chr11	20548856	20548944	0.427	-0.028	0.170373	Others
chr11	24327936	24334001	0.244	0.264	0.123952	High
chr11	31895167	31895495	0.13	0.434	0.07332	High
chr11	36144853	36145106	0.313	0.098	0.128643	High
chr11	36145321	36145447	0.464	0.001	0.21576	High
chr11	42790871	42797022	-0.491	0.12	0.182161	Others
chr11	43888043	43888348	0.79	0.034	0.65096	High
chr11	46139467	46140848	-0.176	0.013	0.028688	Others
chr11	47097362	47097491	0.152	0.025	0.026904	High
chr11	54366244	54366582	0.137	0.095	0.031784	High
chr11	54381545	54381883	-0.141	-0.161	0.042582	Low
chr11	54405321	54407367	0.278	0.09	0.102304	High
chr11	58453134	58453460	0.143	0.481	0.089232	High
chr11	62744853	62745662	0.154	0.155	0.047586	High
chr11	68348362	68348541	-0.286	-0.341	0.179322	Low
chr11	68390682	68390733	0.557	0.389	0.526922	High
chr11	69586072	69586633	0.293	0.14	0.126869	High
chr11	74434012	74434358	0.422	0.443	0.36503	High
chr11	83432337	83432616	-0.298	-0.421	0.214262	Low
chr11	90460538	90462828	-0.125	-0.241	0.04575	Low
chr11	93136638	93142736	0.413	0.042	0.187915	High
chr11	93946063	93948256	0.495	0.251	0.36927	High
chr11	102601115	102601430	0.509	0.299	0.411272	High
chr11	106725142	106725437	0.305	0.458	0.232715	High
chr11	106915512	106918842	-0.276	-0.315	0.163116	Low
chr11	110105974	110106299	0.181	0.484	0.120365	High
chr11	114961062	114961201	0.355	0.439	0.28187	High
chr11	120081965	120084092	0.199	0.023	0.044178	High
chr11	120084300	120084780	0.178	0.022	0.0356	High
chr11	125183189	125183478	0.3	0.526	0.2478	High
chr11	132213718	132214031	0.176	0.222	0.070048	High
chr11	134961484	134961639	0.154	0.2	0.054516	High
chr11	134961748	134961877	0.098	0.152	0.0245	High
chr11	135040837	135041232	0.439	0.022	0.202379	High
chr11	135042234	135042683	-0.096	-0.072	0.016128	Low
chr12	919619	920424	0.122	0.171	0.035746	High
chr12	1754845	1755159	0.346	0.251	0.206562	High
chr12	2105712	2105816	0.329	0.195	0.172396	High
chr12	2407372	2407680	0.137	-0.038	0.013563	Others
chr12	6132272	6139189	0.159	0.048	0.032913	High
chr12	6798217	6798472	-0.284	-0.289	0.162732	Low
chr12	7199889	7200029	0.348	0.395	0.258564	High
chr12	7979750	7980264	0.128	-0.02	0.013824	Others
chr12	7980072	7980590	0.553	0.287	0.46452	High
chr12	8387625	8394605	-0.39	-0.504	0.34866	Low
chr12	8405927	8438286	-0.182	-0.119	0.054782	Low
chr12	9405231	9405516	0.121	0.198	0.038599	High
chr12	9450634	9450699	-0.161	-0.176	0.054257	Low
chr12	12413811	12413909	0.091	0.058	0.013559	High
chr12	12864700	12865013	0.241	0.907	0.276668	High
chr12	13046134	13046237	0.37	0.324	0.25678	High
chr12	13393038	13399109	0.229	0.236	0.106485	High
chr12	20709585	20709922	0.234	-0.158	0.017784	Others
chr12	22422266	22428905	-0.274	-0.303	0.158098	Low
chr12	29420474	29420814	0.112	0.158	0.03024	High
chr12	30591613	30593304	0.09	0.411	0.04509	High
chr12	33562183	33564029	-0.347	-0.31	0.227979	Low
chr12	33671157	33671659	0.135	0.037	0.02322	High
chr12	34774526	34774865	0.19	0.167	0.06783	High
chr12	34775638	34777668	0.116	-0.027	0.010324	Others
chr12	34787056	34787395	0.242	0.101	0.083006	High
chr12	34797154	34797487	0.174	0.225	0.069426	High
chr12	34807167	34807505	-0.137	-0.102	0.032743	Low
chr12	41266014	41266330	0.132	0.411	0.071676	High
chr12	42651500	42652097	-0.452	-0.378	0.37516	Low
chr12	45509370	45516155	-0.187	-0.168	0.066385	Low
chr12	48331683	48334596	0.183	0.171	0.064782	High
chr12	49315392	49316740	0.224	0.575	0.178976	High
chr12	52692552	52693916	-0.221	-0.324	0.120445	Low
chr12	53682402	53682721	0.356	0.49	0.301176	High
chr12	55333425	55334398	0.202	-0.15	0.010504	Others
chr12	59548539	59550113	-0.308	0.039	0.082852	Others
chr12	59550171	59552836	-0.143	-0.066	0.029887	Low
chr12	62010835	62010912	0.123	0.255	0.046494	High
chr12	86810917	86811819	-0.357	-0.477	0.297738	Low
chr12	90093399	90097916	0.503	0.387	0.44767	High
chr12	93964552	93964863	-0.089	-0.115	0.018156	Low
chr12	94275556	94275878	0.439	0.409	0.372272	High
chr12	95839803	95842548	0.529	0.119	0.342792	High
chr12	98561623	98565221	0.161	0.116	0.044597	High
chr12	107828770	107829085	0.224	0.407	0.141344	High
chr12	108980586	108980761	0.383	0.577	0.36768	High
chr12	115920127	115920260	0.099	0.078	0.017523	High
chr12	121593991	121595375	0.104	0.137	0.025064	High
chr12	121993972	121994021	0.638	0.273	0.581218	High
chr12	126420555	126420868	0.502	0.453	0.47941	High
chr12	127018079	127018306	0.255	0.463	0.18309	High
chr12	128845779	128845886	-0.095	-0.12	0.020425	Low
chr12	128846280	128846388	0.466	0.176	0.299172	High
chr12	129855610	129855749	-0.198	-0.058	0.050688	Low
chr12	129858720	129858789	0.512	0.676	0.608256	High
chr12	130996435	130996736	0.29	0.417	0.20503	High
chr12	131366850	131367227	0.13	0.4	0.0689	High
chr12	131433069	131433942	0.089	0.137	0.020114	High
chr12	131433912	131434301	0.204	0.335	0.109956	High
chr12	131701528	131701807	-0.38	-0.386	0.29108	Low
chr12	132134931	132135949	0.142	0.021	0.023146	High
chr12	132148962	132150540	0.325	0.219	0.1768	High
chr12	132213033	132213112	-0.112	-0.042	0.017248	Low
chr12	132232258	132232349	-0.119	-0.125	0.029036	Low
chr12	132305257	132305480	0.349	0.154	0.175547	High
chr12	132473419	132473902	0.353	0.128	0.169793	High
chr12	132563822	132563902	-0.097	-0.029	0.012222	Low
chr12	132564676	132564810	0.771	0.419	0.91749	High
chr12	132688318	132688629	-0.749	-0.776	1.14223	Low
chr12	132694092	132694499	0.569	-0.01	0.318071	Others
chr12	132817248	132817346	0.243	0.205	0.108864	High
chr13	24136815	24137128	0.295	0.203	0.14691	High
chr13	24696421	24696756	0.316	0.233	0.173484	High
chr13	25071048	25071366	0.581	0.278	0.499079	High
chr13	25146879	25147197	0.166	0.163	0.054614	High
chr13	26723954	26724052	0.245	0.175	0.1029	High
chr13	29148457	29148776	0.353	0.379	0.258396	High
chr13	30270029	30270253	0.395	0.573	0.38236	High
chr13	30852022	30852261	-0.335	-0.523	0.28743	Low
chr13	40696975	40697286	-0.6	-0.55	0.69	Low
chr13	44682425	44682502	0.064	0.098	0.010368	High
chr13	45381497	45382137	0.207	0.261	0.096876	High
chr13	47740180	47740905	-0.163	-0.144	0.050041	Low
chr13	50977798	50978126	0.481	0.601	0.520442	High
chr13	60712289	60713353	-0.104	-0.215	0.033176	Low
chr13	82315059	82315401	0.348	0.3	0.225504	High
chr13	88420993	88421283	0.287	0.149	0.125132	High
chr13	101254592	101254910	0.348	0.392	0.25752	High
chr13	103279293	103279607	0.631	0.44	0.675801	High
chr13	104524736	104524979	0.739	0.638	1.0176	High
chr13	105055739	105056082	0.371	0.277	0.240408	High
chr13	107908180	107909136	0.104	0.041	0.01508	High
chr13	110313613	110313850	0.283	0.15	0.122539	High
chr13	111340358	111341346	0.104	0.24	0.035776	High
chr13	112289511	112291720	-0.849	-0.853	1.445	Low
chr13	112845176	112845773	0.128	0.287	0.05312	High
chr13	113067868	113068329	0.29	0.225	0.14935	High
chr13	113347351	113347558	0.198	0.471	0.132462	High
chr13	113725741	113725990	-0.529	-0.493	0.540638	Low
chr13	113751913	113752032	0.223	0.052	0.061325	High
chr13	113752754	113752833	0.332	0.241	0.190236	High
chr13	113800902	113800983	-0.306	-0.047	0.108018	Low
chr13	113802582	113803661	0.214	0.116	0.07062	High
chr13	113815990	113816065	-0.68	-0.662	0.91256	Low
chr13	113826382	113826459	0.091	0.11	0.018291	High
chr13	113831721	113831872	0.089	0.104	0.017177	High
chr13	113940486	113940749	0.077	0.063	0.01078	High
chr13	113940909	113940997	-0.086	-0.041	0.010922	Low
chr13	113984173	113986113	0.137	0.059	0.026852	High
chr13	113984701	113988635	0.132	-0.022	0.01452	Others
chr13	114086956	114087009	0.689	0.6	0.888121	High
chr14	18901837	18902123	0.203	0.09	0.059479	High
chr14	19267339	19267501	0.384	0.375	0.291456	High
chr14	19713937	19714280	0.376	0.685	0.398936	High
chr14	19907852	19911318	-0.276	-0.377	0.180228	Low
chr14	20082547	20087209	-0.164	-0.256	0.06888	Low
chr14	20212645	20213125	0.133	-0.041	0.012236	Others
chr14	23036287	23036476	0.18	0.234	0.07452	High
chr14	26232401	26232711	0.226	0.693	0.207694	High
chr14	37776030	37776245	0.643	0.398	0.669363	High
chr14	47865038	47865352	0.437	0.395	0.363584	High
chr14	48294647	48294954	0.498	0.279	0.386946	High
chr14	51134686	51134988	0.138	0.228	0.050508	High
chr14	60591337	60592754	0.134	0.14	0.036716	High
chr14	63257033	63258188	-0.587	-0.585	0.687964	Low
chr14	64037667	64037748	0.106	0.124	0.02438	High
chr14	66545477	66545574	0.383	0.426	0.309847	High
chr14	77220905	77221224	0.542	0.555	0.594574	High
chr14	79639945	79648705	-0.144	-0.282	0.061344	Low
chr14	81130696	81131014	0.417	0.429	0.352782	High
chr14	82032796	82036983	-0.079	-0.212	0.022989	Low
chr14	83169492	83170138	0.154	0.114	0.041272	High
chr14	84830764	84835810	0.129	0.078	0.026703	High
chr14	85876491	85876811	0.416	0.404	0.34112	High
chr14	87698363	87698763	-0.566	-0.44	0.569396	Low
chr14	91557256	91557480	0.318	0.404	0.229596	High
chr14	98317643	98318749	-0.715	-0.412	0.805805	Low
chr14	100378660	100378992	0.761	0.407	0.888848	High
chr14	103297684	103297787	0.396	0.5	0.354816	High
chr14	104225191	104225505	-0.4	-0.523	0.3692	Low
chr14	104251596	104251689	0.332	0.345	0.224764	High
chr14	104429904	104430118	0.059	0.141	0.0118	High
chr14	104807691	104808449	0.152	0.033	0.02812	High
chr14	104884690	104884844	-0.583	-0.509	0.636636	Low
chr14	104906181	104906309	0.295	0.01	0.089975	High
chr14	104906558	104906949	0.135	0.109	0.03294	High
chr14	105039960	105040707	-0.106	-0.06	0.017596	Low
chr14	105276945	105277209	0.546	0.678	0.668304	High
chr15	17159935	17161638	-0.233	-0.226	0.106947	Low
chr15	17260548	17263282	-0.165	-0.179	0.05676	Low
chr15	17364107	17368544	-0.276	0.018	0.071208	Others
chr15	19816857	19818826	0.301	0.332	0.190533	High
chr15	19922807	19923396	0.436	0.248	0.298224	High
chr15	19929779	19930340	-0.416	-0.041	0.190112	Low
chr15	19943676	19943836	0.353	0.549	0.318406	High
chr15	21642538	21653112	-0.268	-0.157	0.1139	Low
chr15	22445920	22446248	0.148	0.197	0.05106	High
chr15	22466310	22466624	-0.269	-0.022	0.078279	Low
chr15	25686249	25687232	-0.065	-0.199	0.01716	Low
chr15	39227901	39228240	-0.088	-0.08	0.014784	Low
chr15	41383301	41383478	0.386	0.045	0.166366	High
chr15	43368229	43368554	0.028	0.635	0.018564	High
chr15	50654207	50655196	-0.155	-0.47	0.096875	Low
chr15	53907728	53910967	-0.501	-0.516	0.509517	Low
chr15	58620649	58620966	0.193	0.009	0.038986	High
chr15	60367475	60367600	0.16	0.381	0.08656	High
chr15	62332165	62332595	0.087	0.187	0.023838	High
chr15	68757228	68757556	0.381	0.606	0.376047	High
chr15	72101021	72101245	0.116	0.094	0.02436	High
chr15	82997738	82997867	0.502	0.086	0.295176	High
chr15	85853432	85853972	-0.083	-0.085	0.013944	Low
chr15	88552419	88552496	0.054	0.371	0.02295	High
chr15	88553041	88553168	0.131	0.356	0.063797	High
chr15	90819208	90819348	0.364	0.016	0.13832	High
chr15	91438854	91440153	-0.269	-0.261	0.14257	Low
chr15	92768558	92768631	0.075	0.662	0.055275	High
chr15	92768721	92768800	0.512	0.656	0.598016	High
chr15	98299095	98300571	-0.207	-0.35	0.115299	Low
chr15	99876456	99883029	0.401	0.653	0.422654	High
chr15	100070001	100071567	-0.757	-0.759	1.14761	Low
chr15	100558498	100558569	0.132	0.066	0.026136	High
chr15	101764555	101764619	0.413	0.208	0.256473	High
chr16	953348	953787	-0.461	-0.45	0.419971	Low
chr16	1397464	1397724	0.413	0.484	0.370461	High
chr16	1457407	1457506	0.081	0.235	0.025596	High
chr16	1459685	1459964	0.067	0.128	0.013065	High
chr16	8953704	8953820	0.105	0.263	0.03864	High
chr16	12261000	12261509	0.465	0.126	0.274815	High
chr16	13200608	13202636	-0.486	-0.066	0.268272	Low
chr16	18821202	18827053	0.04	0.475	0.0206	High
chr16	21402707	21402832	-0.61	-0.586	0.72956	Low
chr16	21481158	21481474	0.829	0.465	1.07273	High
chr16	24574338	24574457	0.546	0.453	0.545454	High
chr16	26372078	26372410	0.298	-0.034	0.078672	Others
chr16	27842090	27842159	0.497	0.563	0.52682	High
chr16	28698463	28709342	0.096	0.338	0.041664	High
chr16	29383311	29383436	0.039	0.536	0.022425	High
chr16	30224705	30224830	0.434	0.508	0.408828	High
chr16	31960878	31961148	-0.5	-0.112	0.306	Low
chr16	34185916	34187626	-0.311	-0.346	0.204327	Low
chr16	34287304	34287643	0.059	0.133	0.011328	High
chr16	36313884	36314689	0.216	0.168	0.082944	High
chr16	36315060	36315736	-0.076	-0.094	0.01292	Low
chr16	36323105	36324130	-0.06	-0.245	0.0183	Low
chr16	48782956	48783273	0.049	0.226	0.013475	High
chr16	52378459	52380930	0.056	0.271	0.018312	High
chr16	56540674	56540843	0.388	0.251	0.247932	High
chr16	57691483	57693933	-0.177	-0.014	0.033807	Low
chr16	58639908	58643408	0.069	0.102	0.011799	High
chr16	59998178	59998491	0.309	-0.111	0.061182	Others
chr16	70051170	70051472	0.299	0.529	0.247572	High
chr16	72057480	72059194	0.298	-0.026	0.081056	Others
chr16	76505236	76510126	-0.233	-0.209	0.102986	Low
chr16	78337741	78351000	-0.128	-0.193	0.041088	Low
chr16	81978457	81978780	0.685	0.16	0.578825	High
chr16	85115881	85116468	-0.086	-0.123	0.017974	Low
chr16	88122050	88122254	0.14	0.069	0.02926	High
chr16	88206896	88207425	0.153	0.069	0.033966	High
chr16	88207213	88207264	0.116	0.143	0.030044	High
chr16	88796243	88797187	0.21	-0.112	0.02058	Others
chr16	89121990	89122126	0.264	0.631	0.23628	High
chr16	89160373	89160464	0.316	-0.157	0.050244	Others
chr16	89233291	89233382	0.173	0.058	0.039963	High
chr16	89429382	89429885	-0.106	-0.009	0.01219	Low
chr16	89732723	89732998	0.097	0.103	0.0194	High
chr16	90170297	90170491	0.154	0.269	0.065142	High
chr17	250223	250296	0.053	0.234	0.015211	High
chr17	253664	253797	-0.114	-0.048	0.018468	Low
chr17	255015	255885	0.192	0.085	0.053184	High
chr17	256663	256809	0.123	0.114	0.029151	High
chr17	273144	273423	0.219	0.144	0.079497	High
chr17	286967	287262	0.089	0.236	0.028925	High
chr17	288351	288864	0.445	0.024	0.208705	High
chr17	343983	347257	-0.324	-0.065	0.126036	Low
chr17	403140	403516	0.374	0.305	0.253946	High
chr17	506509	507172	-0.065	-0.19	0.016575	Low
chr17	506618	506952	-0.366	-0.447	0.297558	Low
chr17	513604	514017	-0.096	-0.084	0.01728	Low
chr17	618234	618431	0.088	0.16	0.021824	High
chr17	727715	727912	0.325	0.575	0.2925	High
chr17	820561	821699	-0.195	-0.229	0.08268	Low
chr17	952303	952621	0.085	0.047	0.01122	High
chr17	991171	992557	-0.287	-0.004	0.083517	Low
chr17	1194456	1194910	0.048	0.229	0.013296	High
chr17	1310586	1310949	0.225	0.088	0.070425	High
chr17	2009406	2010269	-0.144	0.062	0.011808	Others
chr17	2355249	2356886	0.689	-0.045	0.443716	Others
chr17	3001233	3001628	-0.209	-0.066	0.057475	Low
chr17	3464877	3465005	0.721	0.073	0.572474	High
chr17	4132660	4132793	0.494	0.352	0.417924	High
chr17	6030286	6030602	0.165	0.062	0.037455	High
chr17	6519182	6519350	0.181	0.248	0.077649	High
chr17	6971413	6971714	0.063	0.181	0.015372	High
chr17	7037069	7037443	0.263	0.271	0.140442	High
chr17	7361232	7362642	-0.142	-0.229	0.052682	Low
chr17	7621095	7621600	-0.291	-0.141	0.125712	Low
chr17	8885594	8885773	-0.293	-0.183	0.139468	Low
chr17	11654053	11654373	0.088	0.216	0.026752	High
chr17	13801227	13801515	0.12	0.107	0.02724	High
chr17	17327060	17327935	-0.092	-0.173	0.02438	Low
chr17	18279452	18279584	0.134	0.345	0.064186	High
chr17	18887825	18888849	0.952	0.412	1.29853	High
chr17	19668597	19669006	0.242	0.125	0.088814	High
chr17	21843868	21844115	0.308	0.04	0.107184	High
chr17	21846235	21847320	-0.369	-0.461	0.30627	Low
chr17	21857338	21857532	0.277	0.1	0.104429	High
chr17	21857713	21857961	-0.086	-0.075	0.013846	Low
chr17	22390459	22391187	-0.071	-0.085	0.011076	Low
chr17	22396818	22397285	0.099	0.117	0.021384	High
chr17	22405771	22407478	0.313	0.25	0.176219	High
chr17	26619495	26621872	-0.416	-0.284	0.2912	Low
chr17	26775193	26775485	0.203	0.189	0.079576	High
chr17	26810800	26811149	0.125	0.198	0.040375	High
chr17	26811753	26811926	0.121	0.152	0.033033	High
chr17	26847342	26848055	-0.232	-0.409	0.148712	Low
chr17	28453367	28456472	-0.149	-0.142	0.043359	Low
chr17	30859685	30860047	0.39	0.691	0.42159	High
chr17	34545966	34547598	-0.49	0.344	0.07154	Others
chr17	43266294	43277636	0.432	-0.143	0.124848	Others
chr17	43296110	43299693	-0.21	-0.541	0.15771	Low
chr17	44984728	44984781	0.321	0.564	0.284085	High
chr17	53775426	53783378	-0.056	-0.329	0.02156	Low
chr17	54245747	54245839	0.223	-0.138	0.018955	Others
chr17	59792854	59793822	0.584	0.145	0.425736	High
chr17	67731238	67731513	0.526	0.059	0.30771	High
chr17	75276482	75276788	0.144	0.49	0.091296	High
chr17	77561245	77561668	0.218	0.007	0.04905	High
chr17	77562416	77562630	0.252	0.153	0.10206	High
chr17	77828799	77829009	0.262	-0.024	0.062356	Others
chr17	77992201	77992515	0.225	0.392	0.138825	High
chr17	78286155	78287348	0.273	0.188	0.125853	High
chr17	79064813	79066721	-0.257	-0.165	0.108454	Low
chr17	79512767	79512816	0.098	0.626	0.070952	High
chr17	80121288	80121746	0.635	-0.247	0.24638	Others
chr17	81209643	81209747	0.122	0.666	0.096136	High
chr17	81209888	81210062	0.451	0.349	0.3608	High
chr17	81503458	81504444	-0.386	-0.148	0.206124	Low
chr17	81610654	81610976	0.28	0.295	0.161	High
chr17	81643325	81643639	0.221	0.205	0.094146	High
chr17	81818737	81818850	0.216	0.251	0.100872	High
chr17	82708930	82709474	0.605	-0.136	0.283745	Others
chr17	82905467	82905602	0.197	0.124	0.063237	High
chr17	83121125	83121382	0.165	0.348	0.084645	High
chr17	83134918	83135540	0.629	-0.027	0.378658	Others
chr17	83215905	83217737	0.624	0.525	0.716976	High
chr18	1199562	1200307	0.223	-0.054	0.037687	Others
chr18	6272749	6273215	-0.361	-0.329	0.24909	Low
chr18	7098703	7098828	0.113	0.019	0.014916	High
chr18	8934744	8934845	0.032	0.337	0.011808	High
chr18	9036085	9036373	0.407	0.302	0.288563	High
chr18	10222281	10223606	-0.061	-0.121	0.011102	Low
chr18	10331021	10331160	-0.228	-0.116	0.078432	Low
chr18	11509706	11511474	-0.157	-0.162	0.050083	Low
chr18	12980714	12980840	0.522	0.558	0.56376	High
chr18	13143166	13144157	0.247	-0.094	0.037791	Others
chr18	14450642	14460492	-0.335	-0.38	0.239525	Low
chr18	14858506	14859404	0.285	0.339	0.17784	High
chr18	14860095	14860348	0.317	0.313	0.19971	High
chr18	15827998	15828672	0.097	0.109	0.019982	High
chr18	17282859	17283533	-0.144	-0.206	0.0504	Low
chr18	20582967	20583133	-0.168	-0.102	0.04536	Low
chr18	20601673	20602181	-0.104	-0.121	0.0234	Low
chr18	20617865	20620924	-0.131	-0.069	0.0262	Low
chr18	20626621	20629852	0.099	0.072	0.016929	High
chr18	20644037	20644887	-0.32	-0.362	0.21824	Low
chr18	20677169	20678019	-0.106	-0.077	0.019398	Low
chr18	20716135	20716472	-0.236	-0.189	0.1003	Low
chr18	20720393	20720733	0.11	0.071	0.01991	High
chr18	20723821	20724500	-0.205	-0.261	0.09553	Low
chr18	20725104	20725611	-0.173	-0.202	0.064875	Low
chr18	20730375	20730883	-0.507	-0.443	0.48165	Low
chr18	20733779	20734286	-0.315	-0.206	0.164115	Low
chr18	20736024	20736972	0.101	0.131	0.023432	High
chr18	26466001	26466079	0.267	0.438	0.188235	High
chr18	26829375	26829769	0.184	0.582	0.140944	High
chr18	26991656	26992376	0.327	0.3	0.205029	High
chr18	28693035	28698455	0.337	-0.025	0.105144	Others
chr18	34166741	34167077	0.054	0.458	0.027648	High
chr18	35081990	35082306	0.342	0.271	0.209646	High
chr18	37735658	37735975	0.536	0.309	0.45292	High
chr18	43451579	43452562	-0.185	0.008	0.032745	Others
chr18	44396742	44402107	-0.164	-0.537	0.114964	Low
chr18	46802746	46803095	0.115	0.029	0.01656	High
chr18	47853242	47853435	0.301	0.185	0.146286	High
chr18	49493481	49493802	0.027	0.584	0.016497	High
chr18	49577623	49577946	0.286	-0.16	0.036036	Others
chr18	54426593	54430588	-0.475	-0.429	0.4294	Low
chr18	57642525	57642626	0.064	0.34	0.025856	High
chr18	57678677	57678999	0.505	0.51	0.512575	High
chr18	61616629	61616864	-0.183	-0.185	0.067344	Low
chr18	66875693	66876013	0.57	0.594	0.66348	High
chr18	68537505	68539682	-0.053	-0.138	0.010123	Low
chr18	68554081	68554403	0.124	0.325	0.055676	High
chr18	70282362	70282686	0.519	0.281	0.4152	High
chr18	73311611	73311925	0.141	0.55	0.097431	High
chr18	75299569	75299700	0.502	0.1	0.302204	High
chr18	75858051	75858375	0.039	0.358	0.015483	High
chr18	76645438	76645593	0.475	0.344	0.389025	High
chr18	76653407	76653712	0.132	0.309	0.058212	High
chr18	77373467	77373567	0.217	0.07	0.062279	High
chr18	79172193	79172254	0.093	0.12	0.019809	High
chr18	79807990	79808049	0.05	0.17	0.011	High
chr18	79808371	79808730	0.304	0.116	0.12768	High
chr18	79830880	79831096	-0.31	-0.434	0.23064	Low
chr18	79885982	79886727	-0.097	-0.127	0.021728	Low
chr19	198911	199007	0.191	0.173	0.069524	High
chr19	298413	298977	-0.138	-0.283	0.058098	Low
chr19	311972	312028	0.385	0.172	0.214445	High
chr19	423099	423586	-0.236	-0.264	0.118	Low
chr19	432344	432807	0.297	0.016	0.092961	High
chr19	564997	565285	0.395	-0.046	0.137855	Others
chr19	653098	653157	0.262	0.156	0.109516	High
chr19	735426	735733	-0.538	-0.292	0.44654	Low
chr19	818938	819255	0.293	-0.042	0.073543	Others
chr19	1034038	1034319	0.411	0.598	0.414699	High
chr19	1528498	1528668	-0.545	-0.555	0.5995	Low
chr19	1627916	1628123	0.079	0.066	0.011455	High
chr19	2131650	2131706	0.248	0.059	0.076136	High
chr19	2909504	2910824	0.227	0.292	0.117813	High
chr19	3581049	3581377	-0.09	-0.212	0.02718	Low
chr19	3711053	3711347	0.202	0.016	0.044036	High
chr19	8346856	8349596	0.085	0.105	0.01615	High
chr19	8738738	8740455	0.244	0.391	0.15494	High
chr19	8897885	8898190	-0.146	-0.079	0.03285	Low
chr19	15212287	15213413	0.234	-0.018	0.050544	Others
chr19	15651126	15651598	-0.061	-0.445	0.030866	Low
chr19	17593100	17593482	-0.294	-0.214	0.149352	Low
chr19	19723634	19728852	0.113	0.363	0.053788	High
chr19	20063870	20064187	0.315	0.331	0.20349	High
chr19	21562300	21562639	-0.199	-0.14	0.067461	Low
chr19	21584228	21584524	-0.622	0.089	0.331526	Others
chr19	22927374	22927551	0.302	0.485	0.237674	High
chr19	29459277	29465259	-0.475	-0.303	0.36955	Low
chr19	29825761	29826252	0.124	0.104	0.028272	High
chr19	34079386	34079532	0.082	0.109	0.015662	High
chr19	35170176	35174893	0.116	0.206	0.037352	High
chr19	36349849	36356169	0.164	0.237	0.065764	High
chr19	36969832	36970382	-0.504	-0.436	0.47376	Low
chr19	44969848	44970990	0.456	0.166	0.283632	High
chr19	46438789	46440203	-0.278	-0.371	0.180422	Low
chr19	48856312	48856447	0.761	0.424	0.901785	High
chr19	48871724	48871859	0.269	0.293	0.151178	High
chr19	50574632	50579253	-0.174	-0.288	0.080388	Low
chr19	50603540	50605433	0.459	0.23	0.316251	High
chr19	50903499	50905074	0.275	0.49	0.210375	High
chr19	51273136	51273446	0.201	-0.011	0.03819	Others
chr19	53648621	53648761	0.248	-0.085	0.040424	Others
chr19	54052271	54057387	-0.375	-0.424	0.299625	Low
chr19	55096807	55096960	0.133	0.152	0.037905	High
chr19	55097522	55097585	0.269	0.066	0.090115	High
chr19	55530444	55530779	-0.449	-0.175	0.280176	Low
chr19	55850692	55850851	0.205	0.16	0.074825	High
chr19	56355088	56358552	-0.114	-0.256	0.04218	Low
chr19	56963537	56964240	-0.104	-0.003	0.011128	Low
chr20	1301895	1302363	0.241	0.479	0.17352	High
chr20	1839721	1839900	0.399	0.418	0.325983	High
chr20	2822501	2825762	0.364	-0.07	0.107016	Others
chr20	3018760	3018886	0.077	0.2	0.021329	High
chr20	3041109	3041405	0.328	0.014	0.112176	High
chr20	3814381	3814801	-0.173	-0.16	0.057609	Low
chr20	6170298	6170629	0.58	0.359	0.54462	High
chr20	28533683	28535219	0.102	0.075	0.018054	High
chr20	28732909	28734273	-0.052	-0.175	0.011804	Low
chr20	28967626	28968646	0.154	0.096	0.0385	High
chr20	29287960	29290690	-0.232	-0.287	0.120408	Low
chr20	29381631	29382697	0.159	0.22	0.060261	High
chr20	29411493	29421661	0.201	-0.042	0.031959	Others
chr20	29515521	29516417	-0.268	-0.25	0.138824	Low
chr20	29525892	29531942	0.194	-0.038	0.030264	Others
chr20	29775153	29775473	-0.202	-0.087	0.058378	Low
chr20	29873767	29873837	-0.187	-0.131	0.059466	Low
chr20	29922398	29923252	-0.13	-0.039	0.02197	Low
chr20	30105046	30105719	-0.184	-0.135	0.058696	Low
chr20	30113283	30113964	-0.089	-0.035	0.011036	Low
chr20	30125559	30126068	-0.108	-0.092	0.0216	Low
chr20	30138793	30140757	0.266	0.377	0.171038	High
chr20	30160534	30162399	0.345	0.176	0.179745	High
chr20	30845763	30848042	0.449	0.307	0.339444	High
chr20	30875055	30875947	-0.051	-0.511	0.028662	Low
chr20	31170827	31177628	-0.432	-0.458	0.38448	Low
chr20	35033852	35034173	0.093	0.476	0.052917	High
chr20	41277677	41278857	0.4	0.034	0.1736	High
chr20	43395954	43397151	-0.305	-0.107	0.12566	Low
chr20	45906708	45907143	0.218	0.334	0.120336	High
chr20	47390317	47390641	-0.203	-0.229	0.087696	Low
chr20	61100922	61101145	-0.068	-0.235	0.020604	Low
chr20	61102006	61102508	-0.249	-0.232	0.119769	Low
chr20	61390314	61390419	0.427	0.477	0.386008	High
chr20	61399110	61399430	0.134	0.429	0.075442	High
chr20	61653597	61653829	0.338	0.275	0.207194	High
chr20	61783549	61783987	-0.118	-0.439	0.065726	Low
chr20	62373538	62373676	0.082	0.165	0.020254	High
chr20	62672898	62673786	0.219	0.12	0.074241	High
chr20	63028906	63029091	0.24	0.422	0.15888	High
chr20	63134611	63134946	0.26	0.35	0.1586	High
chr20	63134923	63135275	-0.08	-0.358	0.03504	Low
chr20	63670043	63670441	0.119	0	0.014161	Others
chr20	63770937	63771013	0.183	-0.004	0.032757	Others
chr20	64029684	64029789	0.042	0.607	0.027258	High
chr20	64270719	64270934	0.427	0.752	0.503433	High
chr21	5307342	5308196	-0.25	-0.335	0.14625	Low
chr21	7201729	7202578	0.37	0.439	0.29933	High
chr21	7232146	7232471	0.1	0.407	0.0507	High
chr21	7238380	7239063	-0.22	-0.004	0.04928	Low
chr21	7239817	7240491	0.43	0.289	0.30917	High
chr21	8019693	8022072	-0.312	-0.222	0.166608	Low
chr21	8402416	8402750	-0.22	0.13	0.0198	Others
chr21	9002886	9003209	0.182	0.074	0.046592	High
chr21	9043093	9043199	0.449	0.476	0.415325	High
chr21	9616899	9618663	-0.491	0.248	0.119313	Others
chr21	10014850	10015013	0.193	0.565	0.146294	High
chr21	10404030	10415673	0.068	0.288	0.024208	High
chr21	10419898	10422650	0.15	0.023	0.02595	High
chr21	10543002	10543299	0.171	0.23	0.068571	High
chr21	10664245	10664837	0.101	0.114	0.021715	High
chr21	13863456	13866675	-0.604	0.002	0.363608	Others
chr21	17954283	17956791	-0.292	-0.309	0.175492	Low
chr21	41030956	41031276	0.308	-0.106	0.062216	Others
chr21	41689257	41689312	-0.275	-0.163	0.12045	Low
chr21	42848734	42848857	0.168	0.102	0.04536	High
chr21	44215464	44215568	-0.23	-0.591	0.18883	Low
chr21	44422723	44422892	0.293	0.193	0.142398	High
chr21	45365241	45365304	0.381	0.5	0.335661	High
chr21	45524103	45524405	0.766	0.242	0.772128	High
chr21	45637534	45637645	0.409	-0.031	0.154602	Others
chr21	45968107	45969809	-0.031	-0.327	0.011098	Low
chr21	46010668	46010907	-0.26	-0.284	0.14144	Low
chr21	46292934	46293081	0.657	0.124	0.513117	High
chr21	46403152	46403326	0.02	0.553	0.01146	High
chr21	46429278	46429358	0.053	0.597	0.03445	High
chr21	46699197	46699312	0.558	0.505	0.593154	High
chr22	10728186	10729365	-0.314	-0.088	0.126228	Low
chr22	11058536	11060342	0.251	0.113	0.091364	High
chr22	11588146	11588323	0.143	0.459	0.086086	High
chr22	12169561	12169762	0.402	0.295	0.280194	High
chr22	12341361	12347005	0.248	0.078	0.080848	High
chr22	12370301	12370810	0.283	0.005	0.081504	High
chr22	12533693	12535904	0.128	0.383	0.065408	High
chr22	15986147	15987510	0.098	0.266	0.035672	High
chr22	16386823	16386967	-0.866	-0.831	1.4696	Low
chr22	17616750	17617059	0.607	0.022	0.381803	High
chr22	20360685	20360737	0.3	0.763	0.3189	High
chr22	21715659	21715840	0.489	0.217	0.345234	High
chr22	23136241	23137371	-0.372	-0.567	0.349308	Low
chr22	23558581	23561042	-0.364	-0.225	0.214396	Low
chr22	24316820	24317522	0.445	0.288	0.326185	High
chr22	33384461	33387339	0.192	-0.113	0.015168	Others
chr22	37509670	37510147	-0.527	-0.469	0.524892	Low
chr22	38217260	38217415	0.123	0.427	0.06765	High
chr22	39357599	39357660	0.707	0.321	0.726796	High
chr22	40398219	40399237	-0.477	-0.426	0.430731	Low
chr22	42705440	42706191	0.198	0.074	0.053856	High
chr22	43834334	43834837	0.267	0.01	0.073959	High
chr22	43835006	43835089	0.384	-0.207	0.067968	Others
chr22	43836160	43836368	-0.183	-0.329	0.093696	Low
chr22	45327999	45328326	0.347	0.22	0.196749	High
chr22	46095542	46095860	-0.164	-0.049	0.034932	Low
chr22	46621541	46621684	0.263	0.212	0.124925	High
chr22	47162615	47162688	0.063	0.483	0.034398	High
chr22	47211109	47211264	0.049	0.385	0.021266	High
chr22	47211926	47212305	0.455	0.191	0.29393	High
chr22	47300713	47301108	-0.169	-0.339	0.085852	Low
chr22	48249398	48249715	0.195	0.512	0.137865	High
chr22	48667774	48668552	0.66	0.366	0.67716	High
chr22	48959929	48960120	-0.137	-0.194	0.045347	Low
chr22	49319853	49321517	0.059	0.157	0.012744	High
