chr1	10692	10926	0.139	0.02	0.022101	High
chr1	1207339	1207759	0.063	0.147	0.01323	High
chr1	1297193	1297688	0.144	0.04	0.026496	High
chr1	1297374	1297733	0.159	0.045	0.032436	High
chr1	2123610	2124191	-0.077	-0.093	0.01309	Low
chr1	2483900	2483963	0.139	0.189	0.045592	High
chr1	2669928	2670489	-0.128	-0.129	0.032896	Low
chr1	2949573	2949719	0.232	0.149	0.088392	High
chr1	3002032	3002111	0.251	0.146	0.099647	High
chr1	3287477	3287620	0.206	0.171	0.077662	High
chr1	3433482	3433598	0.176	0.274	0.0792	High
chr1	3583348	3583503	0.126	0.243	0.046494	High
chr1	3891889	3892302	0.056	0.135	0.010696	High
chr1	9535553	9537606	0.589	0.034	0.366947	High
chr1	14110577	14112443	0.201	0.063	0.053064	High
chr1	16660748	16662508	-0.208	-0.3	0.105664	Low
chr1	16744928	16746691	-0.201	-0.173	0.075174	Low
chr1	16950111	16950404	0.348	0.188	0.186528	High
chr1	16951884	16952141	-0.466	-0.429	0.41707	Low
chr1	20170696	20171243	0.226	-0.035	0.043166	Others
chr1	21459925	21460196	0.225	0.268	0.110925	High
chr1	23993614	23993987	0.091	0.077	0.015288	High
chr1	23993662	23993807	0.08	0.083	0.01304	High
chr1	24193857	24197166	0.197	0.229	0.083922	High
chr1	26163321	26163646	0.597	0.61	0.720579	High
chr1	27477601	27477929	0.399	0.286	0.273315	High
chr1	37080364	37080479	0.081	0.168	0.020169	High
chr1	40555979	40562917	0.071	0.103	0.012354	High
chr1	42166805	42167123	0.075	0.18	0.019125	High
chr1	58552311	58552562	0.374	0.103	0.178398	High
chr1	58593944	58594268	0.146	0.42	0.082636	High
chr1	63980953	63982329	-0.16	0.018	0.02272	Others
chr1	66735521	66735852	0.141	0.231	0.052452	High
chr1	80728656	80728982	0.583	0.586	0.681527	High
chr1	86416748	86417068	0.344	0.314	0.226352	High
chr1	105324148	105324421	0.188	0.335	0.098324	High
chr1	111529894	111530020	0.106	0.135	0.025546	High
chr1	113068700	113071154	0.475	0.214	0.327275	High
chr1	120402065	120402366	0.053	0.177	0.01219	High
chr1	120827522	120829339	-0.125	-0.124	0.031125	Low
chr1	121149849	121150171	0.278	0.488	0.212948	High
chr1	121739323	121740169	0.143	0.097	0.03432	High
chr1	124801624	124803152	-0.129	-0.09	0.028251	Low
chr1	125069956	125070067	0.134	0.103	0.031758	High
chr1	125083692	125083905	-0.117	-0.034	0.017667	Low
chr1	125174732	125175046	-0.139	-0.156	0.041005	Low
chr1	144118905	144119231	0.082	0.075	0.012874	High
chr1	146067231	146070370	0.128	0.102	0.02944	High
chr1	148702813	148703125	0.2	0.073	0.0546	High
chr1	154996962	154997094	0.305	0.164	0.143045	High
chr1	158742241	158742562	0.164	0.194	0.058712	High
chr1	161423477	161423651	0.068	0.258	0.022168	High
chr1	182320189	182320500	0.32	0.224	0.17408	High
chr1	185403964	185404301	0.153	0.08	0.035649	High
chr1	220048133	220050946	0.061	0.597	0.040138	High
chr1	221860801	221861132	0.127	0.086	0.027051	High
chr1	226978542	226978917	0.079	0.059	0.010902	High
chr1	227836392	227836703	0.235	0.38	0.144525	High
chr1	232287372	232287699	0.194	0.252	0.086524	High
chr1	232639783	232640096	0.263	0.313	0.151488	High
chr1	232700829	232701012	0.067	0.102	0.011323	High
chr1	233729409	233729738	0.167	0.417	0.097528	High
chr1	234182898	234184000	0.289	0.12	0.118201	High
chr1	236115980	236116528	0.09	0.083	0.01557	High
chr1	236755694	236755889	-0.093	-0.102	0.018135	Low
chr1	236756379	236757014	0.119	0.04	0.018921	High
chr1	238689007	238689949	0.134	0.135	0.036046	High
chr1	240453690	240454013	0.271	0.203	0.128454	High
chr1	240477906	240478307	0.248	0.231	0.118792	High
chr1	247888196	247890870	0.095	0.011	0.01007	High
chr1	247890922	247892258	-0.091	-0.141	0.021112	Low
chr1	247893886	247894328	-0.138	-0.033	0.023598	Low
chr2	197765	197815	0.105	0.167	0.02856	High
chr2	850116	850255	-0.246	-0.065	0.076506	Low
chr2	931826	932232	-0.077	-0.141	0.016786	Low
chr2	932029	932334	-0.08	-0.135	0.0172	Low
chr2	1425782	1426093	-0.23	-0.196	0.09798	Low
chr2	1525662	1525971	0.131	0.262	0.051483	High
chr2	1532028	1532705	0.162	0.128	0.04698	High
chr2	1610827	1611230	-0.188	-0.402	0.11092	Low
chr2	3725401	3725532	0.062	0.16	0.013764	High
chr2	3786348	3786557	0.169	0.191	0.06084	High
chr2	6253259	6253498	0.33	0.318	0.21384	High
chr2	7520069	7520260	0.312	0.421	0.228696	High
chr2	10291447	10291542	0.094	0.092	0.017484	High
chr2	16110985	16111308	0.194	0.308	0.097388	High
chr2	22055165	22055224	0.156	0.186	0.053352	High
chr2	23845745	23846828	-0.118	-0.122	0.02832	Low
chr2	31119859	31120173	0.17	0.155	0.05525	High
chr2	36728517	36728832	0.253	0.232	0.122705	High
chr2	41011226	41023152	0.151	-0.052	0.014949	Others
chr2	48554696	48557727	0.176	0.19	0.064416	High
chr2	54466341	54466604	0.06	0.352	0.02472	High
chr2	62229964	62230290	0.062	0.197	0.016058	High
chr2	77749641	77749964	0.257	0.267	0.134668	High
chr2	78830521	78830856	0.628	0.528	0.725968	High
chr2	86970524	86970832	0.056	0.198	0.014224	High
chr2	87348869	87349036	0.118	0.147	0.03127	High
chr2	88861230	88947311	0.139	0.473	0.085068	High
chr2	89671960	89675829	-0.055	-0.151	0.01133	Low
chr2	90290622	90291155	0.131	0.116	0.032357	High
chr2	91409535	91409703	0.124	0.104	0.028272	High
chr2	91412652	91412798	0.115	0.094	0.024035	High
chr2	91524811	91525354	0.092	0.017	0.010028	High
chr2	91883659	91885765	-0.199	-0.273	0.093928	Low
chr2	92589594	92590102	-0.302	-0.381	0.206266	Low
chr2	94143086	94143764	-0.106	-0.126	0.024592	Low
chr2	99136501	99136836	0.105	0.039	0.01512	High
chr2	99487255	99488560	0.848	-0.034	0.690272	Others
chr2	101481376	101481702	0.271	0.466	0.199727	High
chr2	105210405	105210530	0.063	0.104	0.010521	High
chr2	106263022	106269458	0.498	0.148	0.321708	High
chr2	112139478	112139584	-0.174	0.042	0.022968	Others
chr2	113393749	113396033	0.131	0.091	0.029082	High
chr2	114870527	114871265	0.395	0.156	0.217645	High
chr2	118895741	118901791	0.238	-0.023	0.05117	Others
chr2	119444826	119444925	0.242	0.078	0.07744	High
chr2	121040229	121040822	-0.245	-0.068	0.076685	Low
chr2	125752134	125753020	0.375	0.198	0.214875	High
chr2	128418386	128418660	0.072	0.127	0.014328	High
chr2	128419134	128419386	0.335	0.027	0.12127	High
chr2	133116192	133116513	0.252	0.345	0.150444	High
chr2	134209129	134212558	0.055	0.24	0.016225	High
chr2	146105051	146119293	0.163	0.161	0.052812	High
chr2	151760774	151761088	0.067	0.109	0.011792	High
chr2	164829067	164832299	-0.162	0.068	0.015228	Others
chr2	165158183	165160233	0.174	0.001	0.03045	High
chr2	165410998	165411320	0.283	0.307	0.16697	High
chr2	169575145	169575293	0.019	0.651	0.01273	High
chr2	177947040	177947169	0.153	0.028	0.027693	High
chr2	182451079	182451393	0.476	0.129	0.28798	High
chr2	201856925	201857245	0.651	0.258	0.591759	High
chr2	213910480	213910786	0.377	0.189	0.213382	High
chr2	224428234	224428681	0.371	0.231	0.223342	High
chr2	231019357	231020536	0.14	-0.019	0.01694	Others
chr2	232906508	232906670	0.167	-0.034	0.022211	Others
chr2	233722831	233725339	0.336	0.294	0.21168	High
chr2	234903622	234903932	0.158	0.293	0.071258	High
chr2	235186024	235186352	0.379	0.337	0.271364	High
chr2	237598093	237598209	-0.132	-0.093	0.0297	Low
chr2	239176273	239176356	0.087	0.124	0.018357	High
chr2	239231772	239231981	-0.152	0.055	0.014744	Others
chr2	239231807	239231876	-0.579	-0.369	0.548892	Low
chr2	239527368	239527431	0.068	0.16	0.015504	High
chr2	240108201	240108714	-0.221	-0.252	0.104533	Low
chr2	240158505	240158616	-0.069	-0.113	0.012558	Low
chr2	240623405	240623461	0.308	0.338	0.198968	High
chr2	240673469	240673798	0.301	0.197	0.149898	High
chr2	241109037	241109117	-0.116	-0.538	0.075864	Low
chr2	241807000	241807494	0.088	0.617	0.06204	High
chr3	1638380	1638575	0.088	0.328	0.036608	High
chr3	1638459	1638928	0.09	0.285	0.03375	High
chr3	1740300	1740608	0.311	0.377	0.213968	High
chr3	5234143	5234312	0.259	0.168	0.110593	High
chr3	5541105	5541194	0.189	0.13	0.060291	High
chr3	12310452	12310761	0.152	0.203	0.05396	High
chr3	25657905	25658071	0.131	0.073	0.026724	High
chr3	26745214	26745533	0.242	0.388	0.15246	High
chr3	28125965	28126290	0.268	0.362	0.16884	High
chr3	32162369	32162650	0.167	0.191	0.059786	High
chr3	36453627	36453765	0.303	0.051	0.107262	High
chr3	45568394	45568809	0.148	0.387	0.07918	High
chr3	49160316	49160638	0.18	0.057	0.04266	High
chr3	49938767	49939538	0.837	0.052	0.744093	High
chr3	66063569	66063882	0.147	0.049	0.028812	High
chr3	75289515	75289594	0.085	0.068	0.013005	High
chr3	76730370	76730957	0.098	0.06	0.015484	High
chr3	77290142	77290617	-0.135	-0.031	0.02241	Low
chr3	82584846	82584985	0.256	0.068	0.082944	High
chr3	93768819	93768946	0.164	0.091	0.04182	High
chr3	95397348	95397677	0.371	0.247	0.229278	High
chr3	119701066	119701493	0.707	0.225	0.658924	High
chr3	124789381	124789670	0.088	0.108	0.017248	High
chr3	124789671	124790076	0.157	0.005	0.025434	High
chr3	126640079	126640405	0.223	0.128	0.078273	High
chr3	129339732	129339858	0.087	0.056	0.012441	High
chr3	131952457	131952554	0.1	0.102	0.0202	High
chr3	140419646	140419787	0.265	0.173	0.11607	High
chr3	158632950	158634121	0.11	0.173	0.03113	High
chr3	160684818	160685000	0.242	0.207	0.108658	High
chr3	185299540	185299864	0.232	0.235	0.108344	High
chr3	186811404	186811536	0.106	0.278	0.040704	High
chr3	186874266	186874343	0.113	0.038	0.017063	High
chr3	187108867	187109180	0.173	0.139	0.053976	High
chr3	188587043	188587375	0.219	0.344	0.123297	High
chr3	190952008	190952330	0.208	0.404	0.127296	High
chr3	191863114	191863344	0.111	0.34	0.050061	High
chr3	192138296	192138633	0.395	0.146	0.213695	High
chr3	195837910	195837971	0.166	0.11	0.045816	High
chr3	196329047	196329974	0.134	0.136	0.03618	High
chr3	198104610	198105208	0.071	0.234	0.021655	High
chr4	635387	635528	0.135	0.055	0.02565	High
chr4	707907	708086	0.044	0.608	0.028688	High
chr4	758474	759846	0.08	0.069	0.01192	High
chr4	789911	790064	-0.361	-0.377	0.266418	Low
chr4	1146119	1146294	-0.082	-0.076	0.012956	Low
chr4	1146816	1147490	0.134	0.029	0.021842	High
chr4	1278822	1278951	0.128	0.145	0.034944	High
chr4	1283064	1283200	0.174	0.104	0.048372	High
chr4	1364175	1364302	0.162	0.062	0.036288	High
chr4	1414249	1414308	-0.123	-0.185	0.037884	Low
chr4	1546893	1547128	0.313	0.073	0.120818	High
chr4	2430188	2430313	0.163	0.238	0.065363	High
chr4	2430243	2430431	0.12	0.16	0.0336	High
chr4	3564105	3564728	0.074	0.196	0.01998	High
chr4	4039488	4039825	0.334	0.186	0.17368	High
chr4	4114828	4115126	0.248	0.417	0.16492	High
chr4	6755900	6756113	0.218	0.175	0.085674	High
chr4	7255875	7255958	0.181	0.339	0.09412	High
chr4	7481882	7482156	0.102	0.139	0.024582	High
chr4	7633784	7634124	-0.089	-0.066	0.013795	Low
chr4	9459357	9483840	0.185	-0.051	0.02479	Others
chr4	9491093	9491175	0.084	0.364	0.037632	High
chr4	9950666	9950915	0.102	0.277	0.038658	High
chr4	9955195	9955512	0.079	0.052	0.010349	High
chr4	10145472	10145609	0.186	0.35	0.099696	High
chr4	10209642	10232951	-0.202	0.073	0.026058	Others
chr4	16942614	16949119	0.129	0.113	0.031218	High
chr4	19519800	19520215	0.157	0.333	0.07693	High
chr4	23720041	23720361	0.089	0.214	0.026967	High
chr4	25495528	25495840	0.361	0.547	0.327788	High
chr4	31405055	31405381	0.041	0.221	0.010742	High
chr4	32195658	32195822	0.168	0.097	0.04452	High
chr4	34266615	34266710	0.347	0.121	0.162396	High
chr4	41443177	41443276	0.458	0.324	0.358156	High
chr4	42903148	42903835	-0.065	-0.105	0.01105	Low
chr4	49187132	49187449	0.143	0.336	0.068497	High
chr4	49323678	49324115	-0.205	-0.158	0.074415	Low
chr4	49595464	49598277	0.15	0.016	0.0249	High
chr4	51698472	51699319	-0.391	-0.36	0.293641	Low
chr4	56635692	56635817	0.195	0.211	0.07917	High
chr4	58021131	58022167	0.148	0.22	0.054464	High
chr4	60703510	60703839	0.255	0.328	0.148665	High
chr4	74717532	74723588	0.053	0.258	0.016483	High
chr4	79439474	79441567	0.086	0.147	0.020038	High
chr4	88601757	88602071	0.045	0.221	0.01197	High
chr4	88760309	88760630	0.199	0.241	0.08756	High
chr4	91624149	91627031	0.073	0.067	0.01022	High
chr4	97189493	97189818	0.51	0.234	0.37944	High
chr4	101749306	101749721	-0.273	-0.109	0.104286	Low
chr4	101749335	101749542	-0.533	-0.408	0.501553	Low
chr4	102951944	102954449	0.192	-0.064	0.024576	Others
chr4	104581695	104581906	0.076	0.138	0.016264	High
chr4	107307680	107308211	0.169	0.189	0.060502	High
chr4	108799896	108801058	0.201	-0.139	0.012462	Others
chr4	110462044	110462375	0.238	-0.082	0.037128	Others
chr4	116779037	116779941	-0.274	-0.283	0.152618	Low
chr4	119092643	119092966	0.256	0.297	0.141568	High
chr4	119323403	119323747	0.21	0.215	0.08925	High
chr4	124750583	124750901	0.148	0.139	0.042476	High
chr4	126100948	126101033	0.203	0.094	0.060291	High
chr4	135006381	135006701	0.201	0.308	0.102309	High
chr4	141333288	141333337	-0.16	-0.571	0.11696	Low
chr4	151869012	151873568	0.045	0.239	0.01278	High
chr4	152069159	152072793	0.162	0.328	0.07938	High
chr4	160113087	160113370	0.342	0.329	0.229482	High
chr4	161342553	161342655	0.405	0.333	0.29889	High
chr4	161528123	161530513	-0.253	-0.361	0.155342	Low
chr4	167188535	167194349	0.124	0.024	0.018352	High
chr4	173867630	173867979	0.255	0.465	0.1836	High
chr4	176948164	176948479	0.398	0.195	0.236014	High
chr4	182649120	182650731	-0.36	-0.449	0.29124	Low
chr4	186057195	186057628	0.172	-0.05	0.020984	Others
chr4	186057475	186057691	0.22	0.249	0.10318	High
chr4	186972775	186972948	-0.199	-0.045	0.048556	Low
chr4	187066755	187066988	0.203	0.261	0.094192	High
chr4	188269003	188269702	-0.577	-0.449	0.592002	Low
chr4	188974767	188974925	0.1	0.014	0.0114	High
chr4	189051509	189051886	0.092	0.043	0.01242	High
chr4	189051941	189052156	0.137	0.261	0.054526	High
chr4	189364010	189364187	0.291	0.39	0.198171	High
chr4	189370264	189370582	0.284	-0.015	0.076396	Others
chr4	189645867	189645938	0.072	0.462	0.038448	High
chr4	190121701	190121787	0.064	0.244	0.019712	High
chr5	83240	83479	-0.117	-0.08	0.023049	Low
chr5	84423	84691	0.201	0.316	0.103917	High
chr5	175992	176278	-0.15	-0.442	0.0888	Low
chr5	211838	211925	-0.099	-0.089	0.018612	Low
chr5	212302	213288	0.184	-0.021	0.029992	Others
chr5	391438	391682	0.215	0.04	0.054825	High
chr5	392127	392273	0.345	0.016	0.124545	High
chr5	486992	487157	-0.527	-0.464	0.522257	Low
chr5	497701	497832	0.123	-0.023	0.0123	Others
chr5	563758	564227	0.158	0.033	0.030178	High
chr5	563829	564473	0.134	-0.036	0.013132	Others
chr5	630163	631020	-0.12	-0.084	0.02448	Low
chr5	630396	631253	-0.13	-0.092	0.02886	Low
chr5	668159	668254	0.157	0.294	0.070807	High
chr5	827717	828484	0.219	0.037	0.056064	High
chr5	976147	976214	0.221	0	0.048841	Others
chr5	1663627	1664082	0.145	0.106	0.036395	High
chr5	1663969	1664119	0.123	0.112	0.028905	High
chr5	1950898	1951340	0.35	0.412	0.2667	High
chr5	1968281	1971468	-0.149	-0.173	0.047978	Low
chr5	1972228	1972329	0.202	0.244	0.090092	High
chr5	2490311	2490702	0.125	0.128	0.031625	High
chr5	2541718	2542018	0.099	0.064	0.016137	High
chr5	2564475	2564581	0.272	0.382	0.177888	High
chr5	3078504	3078602	0.344	0.493	0.287928	High
chr5	3656974	3660426	0.238	0.285	0.124474	High
chr5	8026904	8027208	0.201	-0.008	0.038793	Others
chr5	15719356	15720836	-0.256	-0.439	0.17792	Low
chr5	33200753	33201064	0.183	0.112	0.053985	High
chr5	46163997	46164336	0.136	0.202	0.045968	High
chr5	46270550	46275733	-0.187	-0.126	0.058531	Low
chr5	46405925	46406948	0.146	0.104	0.0365	High
chr5	46407630	46409842	0.085	0.146	0.019635	High
chr5	46820208	46821739	0.06	0.185	0.0147	High
chr5	46827864	46829058	0.198	0.179	0.074646	High
chr5	46905207	46906401	0.2	0.129	0.0658	High
chr5	46931296	46932828	-0.129	-0.029	0.020382	Low
chr5	46933111	46934305	-0.165	-0.145	0.05115	Low
chr5	46936058	46937760	0.126	0.02	0.018396	High
chr5	46941344	46944242	0.144	0.054	0.028512	High
chr5	47089755	47091592	0.162	0.165	0.052974	High
chr5	47093293	47094362	-0.294	-0.335	0.184926	Low
chr5	47121815	47122325	0.465	0.297	0.35433	High
chr5	47137106	47137787	0.287	0.298	0.167895	High
chr5	47145073	47145754	0.292	0.251	0.158556	High
chr5	47149242	47149922	0.298	0.108	0.120988	High
chr5	47174062	47174395	0.332	0.247	0.192228	High
chr5	58627343	58627515	0.153	-0.07	0.012699	Others
chr5	72620721	72621024	0.338	0.12	0.154804	High
chr5	74353160	74353477	0.201	0.044	0.049245	High
chr5	81886660	81887001	0.084	0.231	0.02646	High
chr5	82860897	82861211	0.257	-0.025	0.059624	Others
chr5	88616036	88616132	0.068	0.128	0.013328	High
chr5	114989659	114999294	-0.205	-0.134	0.069495	Low
chr5	117358812	117359135	0.309	0.301	0.18849	High
chr5	119679449	119679768	0.165	0.389	0.09141	High
chr5	122240420	122245112	-0.076	-0.057	0.010108	Low
chr5	163008365	163008679	0.411	0.228	0.262629	High
chr5	163435664	163436282	0.906	0.035	0.852546	High
chr5	167859743	167860018	0.096	0.496	0.056832	High
chr5	171404072	171404252	0.072	0.189	0.018792	High
chr5	173462710	173463042	0.324	0.468	0.256608	High
chr5	176062210	176062817	0.192	0.34	0.102144	High
chr5	176530228	176530323	-0.482	-0.555	0.499834	Low
chr5	176871379	176871547	-0.044	-0.833	0.038588	Low
chr5	177108224	177108670	0.144	0.018	0.023328	High
chr5	177703836	177704147	0.122	0.184	0.037332	High
chr5	178096682	178096852	0.092	0.196	0.026496	High
chr5	178448110	178448229	0.231	0.12	0.081081	High
chr5	178525071	178525669	0.393	0.17	0.221259	High
chr5	179229388	179229461	0.222	0.171	0.087246	High
chr5	179637376	179639972	0.064	0.109	0.011072	High
chr5	180113343	180113476	0.107	0.049	0.016692	High
chr5	180113505	180113676	0.222	-0.035	0.041514	Others
chr5	180534806	180534903	0.061	0.234	0.017995	High
chr5	181312084	181312417	0.416	0.112	0.219648	High
chr5	181450589	181451434	0.162	0.015	0.028674	High
chr6	676831	677154	0.048	0.265	0.015024	High
chr6	5835423	5835779	0.043	0.216	0.011137	High
chr6	6277107	6277368	0.153	0.191	0.052632	High
chr6	7273126	7273683	-0.264	-0.15	0.109296	Low
chr6	8227690	8228007	0.338	0.298	0.214968	High
chr6	8368194	8369132	0.2	0.074	0.0548	High
chr6	8432262	8434991	0.496	0.326	0.407712	High
chr6	11903203	11903514	0.141	0.249	0.05499	High
chr6	12663956	12664277	0.193	0.171	0.070252	High
chr6	19685345	19686273	0.436	-0.07	0.159576	Others
chr6	21851640	21851813	0.073	0.515	0.042924	High
chr6	22782420	22782743	0.29	0.009	0.08671	High
chr6	22836821	22837120	0.089	0.526	0.054735	High
chr6	23948721	23949077	0.095	0.035	0.01235	High
chr6	23949078	23949442	0.146	0.468	0.089644	High
chr6	24325133	24327578	-0.13	-0.217	0.04511	Low
chr6	25529642	25529782	0.129	0.289	0.053922	High
chr6	29847298	29847793	-0.143	-0.406	0.078507	Low
chr6	41436322	41436644	0.07	0.174	0.01708	High
chr6	41616429	41616555	0.152	0.491	0.097736	High
chr6	57598932	57599243	0.032	0.511	0.017376	High
chr6	60231682	60231869	0.158	0.241	0.063042	High
chr6	69480793	69482367	-0.029	-0.537	0.016414	Low
chr6	73711530	73711835	0.16	0.259	0.06704	High
chr6	76387775	76392923	0.286	-0.022	0.075504	Others
chr6	80485143	80485462	0.197	0.105	0.059494	High
chr6	87010153	87010330	0.033	0.872	0.029865	High
chr6	95939725	95941542	-0.037	-0.276	0.011581	Low
chr6	100090036	100091381	-0.187	-0.068	0.047685	Low
chr6	104727499	104727642	0.066	0.196	0.017292	High
chr6	107710138	107710730	-0.065	-0.191	0.01664	Low
chr6	120998146	120998469	0.551	0.042	0.326743	High
chr6	128604342	128604402	0.204	0.422	0.127704	High
chr6	129415925	129416238	0.268	0	0.071824	Others
chr6	132386028	132386326	0.076	0.272	0.026448	High
chr6	133050348	133050691	0.319	-0.06	0.082621	Others
chr6	133665072	133665522	0.145	0.04	0.026825	High
chr6	149981522	149981667	0.5	0.258	0.379	High
chr6	152068854	152071097	-0.045	-0.31	0.015975	Low
chr6	154365393	154365667	0.09	0.11	0.018	High
chr6	157282926	157283201	0.187	0.245	0.080784	High
chr6	157536808	157537114	0.229	0.014	0.055647	High
chr6	158455044	158455371	0.023	0.515	0.012374	High
chr6	159245729	159246051	0.211	-0.062	0.031439	Others
chr6	161646412	161646511	0.177	0.538	0.126555	High
chr6	163300910	163301008	0.202	0.265	0.094334	High
chr6	167295529	167295618	0.142	0.017	0.022578	High
chr6	168075852	168075917	0.238	0.281	0.123522	High
chr6	168190438	168190541	0.2	0.277	0.0954	High
chr6	168316238	168317003	0.212	0.176	0.082256	High
chr6	168316331	168317609	0.357	0.122	0.171003	High
chr6	168358115	168358278	0.14	0.193	0.04662	High
chr6	168572134	168573372	0.183	0.18	0.066429	High
chr6	168592681	168593085	-0.093	-0.094	0.017391	Low
chr6	168604311	168605875	-0.145	-0.192	0.048865	Low
chr6	168823057	168823338	0.32	0.104	0.13568	High
chr6	168847073	168847810	0.204	0.256	0.09384	High
chr6	169987620	169987742	0.067	0.112	0.011993	High
chr6	169987834	169987956	0.107	0.098	0.021935	High
chr6	169988139	169988629	0.465	0.091	0.25854	High
chr6	170055449	170055599	0.132	0.13	0.034584	High
chr6	170170081	170170400	0.217	-0.111	0.023002	Others
chr6	170220593	170220746	0.197	0.301	0.098106	High
chr6	170658517	170659131	0.074	0.071	0.01073	High
chr6	170659840	170660068	0.169	0.103	0.045968	High
chr7	207083	207220	0.146	0.215	0.052706	High
chr7	215662	216269	-0.099	-0.024	0.012177	Low
chr7	224252	225974	0.196	0.162	0.070168	High
chr7	224258	225443	0.166	0.177	0.056938	High
chr7	243211	243461	0.063	0.115	0.011214	High
chr7	411221	411436	0.198	0.292	0.09702	High
chr7	1827479	1827577	-0.146	-0.139	0.04161	Low
chr7	2278763	2278816	-0.174	-0.164	0.058812	Low
chr7	2577651	2577701	0.032	0.439	0.015072	High
chr7	7543884	7545256	-0.141	-0.046	0.026367	Low
chr7	18732726	18732787	0.097	0.089	0.018042	High
chr7	26097379	26105874	-0.195	-0.283	0.09321	Low
chr7	31030960	31031288	0.233	0.114	0.080851	High
chr7	37958905	37959219	0.266	0.099	0.09709	High
chr7	38348792	38357948	0.373	-0.077	0.110408	Others
chr7	44871103	44871176	0.037	0.536	0.021201	High
chr7	55887713	55887838	-0.353	-0.651	0.354412	Low
chr7	56335654	56335959	0.274	-0.029	0.06713	Others
chr7	57297186	57297509	0.34	0.232	0.19448	High
chr7	57494137	57494240	0.117	0.147	0.030888	High
chr7	58920461	58920802	-0.148	-0.172	0.04736	Low
chr7	61122671	61123184	-0.244	-0.265	0.124196	Low
chr7	61125405	61125918	-0.29	0.151	0.04031	Others
chr7	61828649	61829505	-0.281	-0.52	0.225081	Low
chr7	62276741	62276855	0.272	-0.048	0.060928	Others
chr7	63504351	63504632	-0.16	-0.101	0.04176	Low
chr7	63752256	63752399	0.027	0.538	0.015255	High
chr7	64475426	64476409	0.678	0.703	0.936318	High
chr7	65851654	65852123	0.256	0.439	0.17792	High
chr7	68083296	68083366	0.132	0.077	0.027588	High
chr7	72363281	72366215	-0.113	-0.162	0.031075	Low
chr7	74369856	74370154	0.442	0.159	0.265642	High
chr7	74414113	74416930	0.536	-0.267	0.144184	Others
chr7	79536001	79536310	0.281	0.275	0.156236	High
chr7	88439729	88439929	0.348	0.093	0.153468	High
chr7	97265419	97265660	0.056	0.361	0.023352	High
chr7	100729949	100743092	0.085	0.145	0.01955	High
chr7	100961955	100962260	0.338	-0.063	0.09295	Others
chr7	103234872	103237431	0.097	0.648	0.072265	High
chr7	104546937	104547267	-0.145	0.014	0.018995	Others
chr7	104974751	104975086	0.042	0.524	0.023772	High
chr7	105667403	105667717	0.394	0.254	0.255312	High
chr7	108712402	108712726	0.145	0.297	0.06409	High
chr7	110902627	110902952	0.222	0.626	0.188256	High
chr7	127980101	127980418	0.284	0.001	0.08094	High
chr7	128126362	128126675	-0.09	-0.099	0.01701	Low
chr7	137149702	137150003	0.304	-0.137	0.050768	Others
chr7	139424841	139425205	0.383	0.18	0.215629	High
chr7	141414063	141414381	0.152	0.148	0.0456	High
chr7	144337695	144339422	0.422	0.177	0.252778	High
chr7	148647728	148647965	0.106	0.162	0.028408	High
chr7	150035277	150035438	0.125	-0.041	0.0105	Others
chr7	150765961	150766301	0.174	0.175	0.060726	High
chr7	151526059	151526418	-0.094	-0.081	0.01645	Low
chr7	152385313	152385643	0.283	0.208	0.138953	High
chr7	152395539	152401116	0.198	0.359	0.110286	High
chr7	152548257	152549217	0.433	-0.062	0.160643	Others
chr7	154061689	154061766	0.145	0.037	0.02639	High
chr7	154062586	154062748	0.242	0.283	0.12705	High
chr7	156841920	156842436	0.172	0.131	0.052116	High
chr7	157254901	157254954	-0.516	-0.405	0.475236	Low
chr7	157710969	157711102	0.229	0.21	0.100531	High
chr7	157994744	157994985	0.319	0.255	0.183106	High
chr7	158248781	158248892	0.192	0.071	0.050496	High
chr7	158253874	158254616	-0.29	-0.275	0.16385	Low
chr7	158334822	158334940	0.136	0.079	0.02924	High
chr7	158339440	158340130	-0.128	-0.097	0.0288	Low
chr7	158340718	158340934	-0.198	-0.309	0.100386	Low
chr7	158341227	158341500	-0.104	-0.092	0.020384	Low
chr7	158426163	158426362	0.175	0.31	0.084875	High
chr7	158426921	158427469	0.566	0.028	0.336204	High
chr7	158493504	158493811	-0.134	-0.168	0.040468	Low
chr7	158803880	158804019	0.449	0.456	0.406345	High
chr7	159090742	159091010	0.152	0.528	0.10336	High
chr7	159162195	159162338	0.245	-0.11	0.033075	Others
chr7	159175311	159175551	-0.713	-0.798	1.07734	Low
chr8	700152	700215	0.12	0.186	0.03672	High
chr8	882470	882573	0.345	0.078	0.145935	High
chr8	990417	990578	0.751	0.111	0.647362	High
chr8	1798271	1798751	-0.083	-0.176	0.021497	Low
chr8	3183163	3183334	0.293	0.473	0.224438	High
chr8	3183391	3183520	0.183	0.168	0.064233	High
chr8	5083701	5083997	0.386	0.179	0.21809	High
chr8	7194443	7202957	-0.204	-0.27	0.096696	Low
chr8	7332253	7336980	-0.059	-0.172	0.013629	Low
chr8	8528520	8529433	-0.185	0.102	0.015355	Others
chr8	10833548	10833673	0.285	0.28	0.161025	High
chr8	12531959	12537929	0.139	0.058	0.027383	High
chr8	20027562	20036419	-0.344	0.204	0.04816	Others
chr8	23549706	23550345	0.408	0.273	0.277848	High
chr8	25209162	25213135	0.198	-0.013	0.03663	Others
chr8	25346559	25346783	0.108	0.176	0.030672	High
chr8	39907795	39908126	0.112	0.465	0.064624	High
chr8	42072730	42073044	0.545	0.381	0.50467	High
chr8	45935423	45935760	-0.355	-0.42	0.275125	Low
chr8	54059289	54059602	0.371	0.075	0.165466	High
chr8	55488642	55488957	0.226	0.356	0.131532	High
chr8	62017584	62017895	0.258	0.347	0.15609	High
chr8	67815085	67815416	0.37	-0.111	0.09583	Others
chr8	72875530	72881587	-0.226	-0.226	0.102152	Low
chr8	73720482	73720810	0.767	0.505	0.975624	High
chr8	76425146	76426190	0.267	0.221	0.130296	High
chr8	83384713	83384860	0.215	0.233	0.09632	High
chr8	85747538	85753710	-0.228	-0.015	0.055404	Low
chr8	85750087	85761613	-0.181	-0.126	0.055567	Low
chr8	85778099	85781183	-0.054	-0.289	0.018522	Low
chr8	85780558	85783641	-0.26	-0.275	0.1391	Low
chr8	91140628	91140951	0.389	0.131	0.20228	High
chr8	91520149	91528707	-0.173	-0.136	0.053457	Low
chr8	97771220	97771551	0.361	0.844	0.435005	High
chr8	98452912	98453239	0.335	-0.138	0.065995	Others
chr8	105658290	105658609	0.473	0.456	0.439417	High
chr8	106498865	106499189	0.113	0.423	0.060568	High
chr8	107551352	107551429	0.477	0.479	0.456012	High
chr8	109498078	109498399	0.356	0.243	0.213244	High
chr8	114621683	114633668	-0.146	-0.264	0.05986	Low
chr8	116617965	116620761	0.042	0.246	0.012096	High
chr8	120669432	120669750	0.413	0.473	0.365918	High
chr8	120842520	120842837	0.574	0.32	0.513156	High
chr8	131156036	131156348	0.349	0.016	0.127385	High
chr8	136704570	136704895	0.045	0.268	0.014085	High
chr8	139960609	139962905	0.188	0.174	0.068056	High
chr8	141620238	141620328	0.335	0.7	0.346725	High
chr8	141632966	141634091	-0.23	-0.028	0.05934	Low
chr8	141846231	141852907	-0.094	-0.478	0.053768	Low
chr8	141970978	141971156	-0.438	-0.051	0.214182	Low
chr8	142390616	142390739	0.319	0.229	0.174812	High
chr8	142413417	142414317	0.149	-0.043	0.015794	Others
chr8	143486847	143487030	0.03	0.379	0.01227	High
chr8	143551894	143554068	-0.699	-0.7	0.977901	Low
chr8	143860133	143861734	0.439	-0.022	0.183063	Others
chr8	144023402	144023825	-0.466	0.282	0.085744	Others
chr8	144286355	144286419	0.46	-0.002	0.21068	Others
chr8	144625702	144625752	0.143	0.283	0.060918	High
chr9	10136559	10137719	-0.075	-0.333	0.0306	Low
chr9	19279056	19279305	0.179	0.41	0.105431	High
chr9	32315155	32315381	0.324	-0.068	0.082944	Others
chr9	33573403	33574214	-0.154	-0.168	0.049588	Low
chr9	35803099	35803401	0.121	0.252	0.045133	High
chr9	36309282	36309602	0.341	0.418	0.258819	High
chr9	39012485	39012763	0.227	0.299	0.119402	High
chr9	39568361	39568924	0.106	0.016	0.012932	High
chr9	40561933	40566035	0.114	0.301	0.04731	High
chr9	40902057	40902567	-0.054	-0.228	0.015228	Low
chr9	40923187	40924333	0.25	0.143	0.09825	High
chr9	41556349	41556665	0.185	0.216	0.074185	High
chr9	42402280	42402616	0.16	0.212	0.05952	High
chr9	42457765	42459122	0.22	0.145	0.0803	High
chr9	61990120	61990197	0.906	0.185	0.988446	High
chr9	64693837	64696641	0.949	0.896	1.75091	High
chr9	65195972	65196043	0.753	0.703	1.09637	High
chr9	66129155	66144582	-0.129	0.041	0.011352	Others
chr9	67693430	67693745	0.203	0.391	0.120582	High
chr9	67798722	67799032	0.552	0.854	0.776112	High
chr9	68322177	68322565	-0.394	-0.4	0.312836	Low
chr9	69123204	69128437	0.311	0.375	0.213346	High
chr9	69189602	69190075	0.294	0.605	0.264306	High
chr9	69280395	69281554	0.175	0.036	0.036925	High
chr9	70848681	70848996	0.359	0.209	0.203912	High
chr9	76304876	76306737	-0.287	0.221	0.018942	Others
chr9	81015522	81015834	0.07	0.219	0.02023	High
chr9	81709433	81712010	0.272	0.667	0.255408	High
chr9	82418930	82419271	0.142	0.313	0.06461	High
chr9	88135593	88139082	0.462	-0.084	0.174636	Others
chr9	92831126	92831264	0.537	0.265	0.430674	High
chr9	93708072	93709181	-0.182	0.108	0.013468	Others
chr9	98266466	98266796	0.397	0.045	0.175474	High
chr9	111403388	111407450	0.109	-0.008	0.011009	Others
chr9	111869466	111869784	0.053	0.232	0.015105	High
chr9	112515100	112515276	0.204	0.282	0.099144	High
chr9	113900833	113901027	0.234	0.231	0.10881	High
chr9	114323346	114330116	-0.287	-0.061	0.099876	Low
chr9	120494746	120497451	0.159	0.288	0.071073	High
chr9	128138821	128139778	-0.129	-0.137	0.034314	Low
chr9	128139128	128139688	0.297	-0.099	0.058806	Others
chr9	128649777	128651696	0.129	-0.022	0.013803	Others
chr9	128938646	128939877	-0.155	0.033	0.01891	Others
chr9	128954249	128954418	0.108	0.261	0.039852	High
chr9	129264406	129265789	0.274	-0.184	0.02466	Others
chr9	133071240	133071305	0.28	0.17	0.126	High
chr9	133300117	133300200	-0.132	-0.015	0.019404	Low
chr9	133548979	133549302	-0.325	-0.345	0.21775	Low
chr9	133827187	133828146	0.09	0.203	0.02637	High
chr9	134012139	134012306	0.034	0.31	0.011696	High
chr9	134115771	134117983	0.143	0.056	0.028457	High
chr9	134465360	134465473	0.293	0.482	0.227075	High
chr9	134792858	134792909	0.288	0.271	0.160992	High
chr9	135322217	135325756	0.058	0.546	0.035032	High
chr9	135981630	135981749	-0.605	-0.208	0.491865	Low
chr9	136809619	136818868	0.239	-0.01	0.054731	Others
chr9	137436339	137436390	-0.631	-0.436	0.673277	Low
chr9	137841224	137842171	0.083	0.383	0.038678	High
chr9	137841772	137842210	0.214	0.587	0.171414	High
chr9	138081484	138084468	-0.369	-0.315	0.252396	Low
chr9	138113750	138113881	0.195	0.035	0.04485	High
chr10	323124	323318	0.167	0.389	0.092852	High
chr10	402236	403609	-0.407	-0.227	0.258038	Low
chr10	429338	429552	0.223	0.062	0.063555	High
chr10	679152	679537	0.276	0.196	0.130272	High
chr10	696688	696818	0.092	0.058	0.0138	High
chr10	757327	757558	0.339	-0.186	0.051867	Others
chr10	793885	794187	0.144	0.461	0.08712	High
chr10	1038690	1038815	0.716	0.328	0.747504	High
chr10	1238730	1239282	-0.675	-0.44	0.752625	Low
chr10	1326879	1327001	0.171	0.229	0.0684	High
chr10	1373787	1373852	0.181	0.12	0.054481	High
chr10	1464160	1464225	0.314	0.212	0.165164	High
chr10	1464482	1464613	0.121	0.197	0.038478	High
chr10	1700301	1700846	0.225	0.097	0.07245	High
chr10	1701087	1701756	0.151	0.263	0.062514	High
chr10	3556356	3556497	0.262	0.006	0.070216	High
chr10	5228196	5250888	-0.276	-0.317	0.163668	Low
chr10	7953865	7954950	0.147	0.295	0.064974	High
chr10	9407658	9407871	0.176	-0.007	0.029744	Others
chr10	14894349	14894665	0.302	0.374	0.204152	High
chr10	17268711	17271724	0.068	0.312	0.02584	High
chr10	19707622	19709078	-0.195	-0.043	0.04641	Low
chr10	26710086	26713223	0.083	0.135	0.018094	High
chr10	28361704	28362214	0.101	0.057	0.015958	High
chr10	32950925	32951634	0.283	0.133	0.117728	High
chr10	33203712	33204000	0.313	0.435	0.234124	High
chr10	34395540	34395864	0.185	0.05	0.043475	High
chr10	34854918	34855091	-0.134	-0.36	0.066196	Low
chr10	35549739	35549902	0.161	0.422	0.093863	High
chr10	38942528	38942631	0.176	0.165	0.060016	High
chr10	41702017	41703713	-0.176	-0.18	0.062656	Low
chr10	42093593	42093667	0.043	0.277	0.01376	High
chr10	42103898	42104015	0.413	0.436	0.350637	High
chr10	42132983	42135499	-0.087	-0.124	0.018357	Low
chr10	45870397	45870543	0.192	0.298	0.09408	High
chr10	46829433	46841259	0.146	0.188	0.048764	High
chr10	52067907	52068224	0.383	0.245	0.240524	High
chr10	57255457	57255798	0.061	0.347	0.024888	High
chr10	59696987	59697114	0.315	0.53	0.266175	High
chr10	76586831	76591818	-0.155	-0.406	0.086955	Low
chr10	76819184	76819311	-0.13	-0.114	0.03172	Low
chr10	90238778	90242269	-0.472	-0.481	0.449816	Low
chr10	97348525	97348850	0.086	0.334	0.03612	High
chr10	97398049	97398352	0.267	0.205	0.126024	High
chr10	103337765	103338078	0.437	0.407	0.368828	High
chr10	105917785	105918109	0.22	0.24	0.1012	High
chr10	115246540	115246858	0.2	0.031	0.0462	High
chr10	119722321	119722418	0.145	0.219	0.05278	High
chr10	120798394	120798509	0.171	0.316	0.083277	High
chr10	121729665	121729978	0.427	0.372	0.341173	High
chr10	122601959	122610076	-0.068	-0.103	0.011628	Low
chr10	130300839	130301390	-0.504	-0.549	0.530712	Low
chr10	130518914	130519068	0.117	0.128	0.028665	High
chr10	130785411	130785670	0.043	0.304	0.014921	High
chr10	131060208	131060556	0.356	0.151	0.180492	High
chr10	131592430	131597129	-0.368	-0.341	0.260912	Low
chr10	131696683	131697220	0.287	0.096	0.109921	High
chr10	132254550	132254759	0.218	-0.015	0.044254	Others
chr10	132352058	132352683	0.114	0.065	0.020406	High
chr10	132491055	132491172	-0.113	-0.247	0.04068	Low
chr10	132505804	132506394	-0.13	-0.137	0.03471	Low
chr10	132771913	132772181	0.264	0.213	0.125928	High
chr10	132888420	132888563	0.071	0.171	0.017182	High
chr10	132917898	132918072	0.119	0.145	0.031416	High
chr10	132982995	132983055	0.203	0.115	0.064554	High
chr10	133017532	133018169	0.08	0.198	0.02224	High
chr10	133018258	133018369	0.155	0.37	0.081375	High
chr10	133208356	133208532	-0.206	-0.039	0.05047	Low
chr10	133220338	133220497	-0.231	-0.185	0.096096	Low
chr10	133222580	133223143	-0.071	-0.073	0.010224	Low
chr10	133291252	133292461	0.041	0.278	0.013079	High
chr10	133292031	133292474	0.301	0.35	0.195951	High
chr10	133431212	133431895	-0.202	-0.271	0.095546	Low
chr10	133478339	133478697	-0.1	-0.104	0.0204	Low
chr10	133479228	133479543	0.039	0.278	0.012363	High
chr10	133786748	133787055	0.786	0.267	0.827658	High
chr11	309457	310163	-0.185	-0.139	0.05994	Low
chr11	363226	363315	0.131	0.017	0.019388	High
chr11	363751	363834	0.079	0.097	0.013904	High
chr11	384901	385318	0.108	0.243	0.037908	High
chr11	400949	401118	0.079	0.151	0.01817	High
chr11	402063	402256	0.123	0.385	0.062484	High
chr11	402462	402622	0.102	0.07	0.017544	High
chr11	442403	442465	-0.083	-0.088	0.014193	Low
chr11	1080083	1080271	0.119	0.017	0.016184	High
chr11	1081123	1081252	0.154	0.082	0.036344	High
chr11	1081476	1081540	0.159	-0.016	0.022737	Others
chr11	1255550	1255785	-0.231	-0.173	0.093324	Low
chr11	1430398	1430634	0.084	0.061	0.01218	High
chr11	1431109	1431249	-0.075	-0.086	0.012075	Low
chr11	1432505	1432645	0.188	-0.012	0.033088	Others
chr11	1873871	1874006	0.393	0.202	0.233835	High
chr11	2308416	2308551	0.829	0.379	1.00143	High
chr11	3627948	3630664	0.295	-0.157	0.04071	Others
chr11	5738857	5741133	0.229	-0.038	0.043739	Others
chr11	5763345	5788096	0.083	0.084	0.013861	High
chr11	7407348	7407678	0.16	0.003	0.02608	High
chr11	9302093	9303102	0.146	0.091	0.034602	High
chr11	9773088	9773414	0.157	0.321	0.075046	High
chr11	18467899	18468048	0.402	0.333	0.29547	High
chr11	27767976	27768268	0.313	-0.104	0.065417	Others
chr11	27800675	27800870	0.023	0.481	0.011592	High
chr11	32265094	32265426	0.24	0.206	0.10704	High
chr11	33516126	33516448	0.104	0.034	0.014352	High
chr11	33848551	33851320	-0.253	-0.168	0.106513	Low
chr11	34227828	34228152	0.125	0.064	0.023625	High
chr11	36144853	36145106	0.216	0.546	0.164592	High
chr11	41800730	41801056	0.23	0.454	0.15732	High
chr11	42134599	42134927	0.344	-0.002	0.117648	Others
chr11	48713180	48715395	0.281	0.084	0.102565	High
chr11	52304162	52304500	0.114	0.126	0.02736	High
chr11	54360101	54360441	0.096	0.031	0.012192	High
chr11	54368594	54369618	0.127	0.254	0.048387	High
chr11	54756274	54778121	-0.119	-0.053	0.020468	Low
chr11	55117850	55124728	-0.368	-0.471	0.308752	Low
chr11	58051619	58052621	-0.325	-0.055	0.1235	Low
chr11	60451584	60451758	0.271	0.02	0.078861	High
chr11	60803957	60804447	-0.133	-0.018	0.020083	Low
chr11	62744853	62745662	0.159	0.172	0.052629	High
chr11	65839214	65839507	0.153	0.809	0.147186	High
chr11	65874636	65876047	0.383	0.126	0.194947	High
chr11	71167970	71168322	0.203	-0.022	0.036743	Others
chr11	88185376	88185692	0.351	0.396	0.262197	High
chr11	90460538	90462828	-0.104	-0.077	0.018824	Low
chr11	93946063	93948256	0.346	0.161	0.175422	High
chr11	93962054	93968917	-0.313	-0.165	0.149614	Low
chr11	95320765	95320891	0.303	0.452	0.228765	High
chr11	105894779	105895097	0.303	0.336	0.193617	High
chr11	130091133	130091585	0.306	0.542	0.259488	High
chr11	134664406	134664463	0.3	0.06	0.108	High
chr11	135041447	135041721	0.285	-0.074	0.060135	Others
chr11	135042201	135042431	-0.187	0.125	0.011594	Others
chr12	1908694	1908810	0.062	0.107	0.010478	High
chr12	2843755	2844199	0.104	0.161	0.02756	High
chr12	6290506	6290722	0.062	0.39	0.028024	High
chr12	6290842	6291032	0.168	0.326	0.082992	High
chr12	7670047	7671724	-0.183	-0.275	0.083814	Low
chr12	7979750	7980264	0.162	0.132	0.047628	High
chr12	7980074	7980589	0.143	-0.035	0.015444	Others
chr12	8625714	8626116	0.22	0.15	0.0814	High
chr12	13024495	13025254	-0.326	-0.198	0.170824	Low
chr12	13046134	13046237	0.306	0.406	0.217872	High
chr12	17291891	17293002	-0.129	-0.432	0.072369	Low
chr12	22422266	22428905	-0.378	0.052	0.123228	Others
chr12	29127301	29127616	0.129	0.518	0.083463	High
chr12	33562183	33564029	-0.208	-0.31	0.107744	Low
chr12	34772915	34773593	-0.088	-0.116	0.017952	Low
chr12	34773939	34774277	0.156	0.112	0.041808	High
chr12	35491622	35492302	0.206	0.311	0.106502	High
chr12	37238001	37238678	0.115	0.42	0.061525	High
chr12	41844251	41845074	-0.2	-0.131	0.0662	Low
chr12	42228020	42228479	0.038	0.406	0.016872	High
chr12	43260613	43260948	0.092	0.034	0.011592	High
chr12	43583646	43585745	-0.295	-0.206	0.147795	Low
chr12	46587409	46597019	-0.097	-0.093	0.01843	Low
chr12	48332507	48332585	0.109	0.031	0.01526	High
chr12	52001284	52002049	-0.117	0.003	0.013338	Others
chr12	53851623	53851911	0.217	0.286	0.109151	High
chr12	54459709	54460023	0.341	0.914	0.427955	High
chr12	55333425	55334398	-0.069	-0.168	0.016353	Low
chr12	57634244	57635466	0.237	-0.003	0.055458	Others
chr12	59548539	59550113	-0.299	0.023	0.082524	Others
chr12	62010835	62010912	0.294	0.053	0.102018	High
chr12	70478486	70484435	-0.193	-0.203	0.076428	Low
chr12	81745936	81750539	-0.288	-0.396	0.196992	Low
chr12	87486111	87486214	0.162	0.179	0.055242	High
chr12	93110517	93111603	0.322	0.442	0.246008	High
chr12	94950280	94950589	0.245	0.105	0.08575	High
chr12	95839803	95842548	0.216	0.351	0.122472	High
chr12	95946567	95949175	0.536	0.54	0.576736	High
chr12	97160949	97161276	0.365	-0.065	0.1095	Others
chr12	101362525	101363178	0.099	0.075	0.017226	High
chr12	101708628	101713307	0.042	0.32	0.015204	High
chr12	107828770	107829085	0.649	0.089	0.478962	High
chr12	119002903	119005009	-0.361	-0.148	0.183749	Low
chr12	120963881	120964169	0.234	0.353	0.137358	High
chr12	126298957	126305050	0.242	0.07	0.075504	High
chr12	127018079	127018306	0.388	0.317	0.27354	High
chr12	127553432	127553748	0.118	-0.01	0.012744	Others
chr12	128844845	128845116	0.208	0.279	0.101296	High
chr12	129858027	129858544	0.106	0.091	0.020882	High
chr12	130996321	130996446	0.334	0.346	0.22712	High
chr12	131432933	131433363	-0.095	-0.028	0.011685	Low
chr12	131433478	131433747	-0.072	-0.109	0.013032	Low
chr12	131434226	131434359	0.262	0.166	0.112136	High
chr12	132212158	132212357	-0.11	-0.042	0.01672	Low
chr12	132212559	132212799	-0.339	-0.17	0.172551	Low
chr12	132213061	132213220	-0.242	-0.239	0.116402	Low
chr12	132213141	132213220	-0.496	-0.407	0.447888	Low
chr12	132232669	132233147	0.152	0.123	0.0418	High
chr12	132234682	132235065	0.103	0.079	0.018746	High
chr12	132304431	132305182	0.112	0.195	0.034384	High
chr12	132305257	132305480	0.109	0.034	0.015587	High
chr12	132358817	132358930	0.13	0.084	0.02782	High
chr12	132359058	132359206	0.153	0.185	0.051714	High
chr12	132365714	132366067	0.255	0.22	0.121125	High
chr12	132392157	132392327	0.142	0.082	0.031808	High
chr12	132472977	132473748	0.293	0.03	0.094639	High
chr12	132473585	132473666	0.18	-0.005	0.0315	Others
chr12	132473877	132473998	0.217	0.077	0.063798	High
chr12	132474858	132474948	-0.567	-0.682	0.708183	Low
chr13	18235094	18235279	0.388	0.35	0.286344	High
chr13	18237026	18237088	0.265	0.56	0.218625	High
chr13	19779791	19779876	0.367	0.351	0.263506	High
chr13	21949377	21949708	0.071	0.178	0.017679	High
chr13	24136815	24137128	0.17	0.227	0.06749	High
chr13	24735353	24735724	0.172	0.009	0.031132	High
chr13	25146879	25147197	0.224	0.127	0.078624	High
chr13	26475904	26478048	-0.436	-0.106	0.236312	Low
chr13	27287692	27288030	0.313	0.225	0.168394	High
chr13	29380620	29380943	0.17	-0.096	0.01258	Others
chr13	29641686	29647706	-0.361	-0.157	0.186998	Low
chr13	30270029	30270253	0.066	0.495	0.037026	High
chr13	38805148	38809278	-0.129	-0.323	0.058308	Low
chr13	41427977	41428058	-0.787	-0.704	1.17342	Low
chr13	42476318	42476391	0.043	0.379	0.018146	High
chr13	42965658	42967310	0.165	0.212	0.062205	High
chr13	47180355	47181655	-0.11	-0.368	0.05258	Low
chr13	47740180	47740905	0.113	0.472	0.066105	High
chr13	47845790	47845945	0.334	0.111	0.14863	High
chr13	49504481	49504558	0.117	0.017	0.015678	High
chr13	58470629	58470944	0.305	0.282	0.179035	High
chr13	63741115	63741273	0.135	0.145	0.0378	High
chr13	71734183	71734437	0.312	0.352	0.207168	High
chr13	88420993	88421283	0.202	0.008	0.04242	High
chr13	89769113	89769265	0.103	0.077	0.01854	High
chr13	90495892	90495992	0.254	0.429	0.173482	High
chr13	103357504	103357822	0.304	0.475	0.236816	High
chr13	103601049	103601179	0.342	0.318	0.22572	High
chr13	104508858	104509171	0.373	0.276	0.242077	High
chr13	107272190	107272512	0.306	0.149	0.13923	High
chr13	110160144	110160458	0.139	0.104	0.033777	High
chr13	110408868	110409010	0.132	0.265	0.052404	High
chr13	111044881	111045006	0.343	-0.102	0.082663	Others
chr13	111052152	111052526	-0.418	-0.102	0.21736	Low
chr13	111254989	111255091	0.274	0.136	0.11234	High
chr13	112015209	112015352	0.108	0.082	0.02052	High
chr13	113012179	113012340	0.119	0.244	0.043197	High
chr13	113012432	113012595	0.499	0.168	0.332833	High
chr13	113025493	113027863	-0.214	-0.062	0.059064	Low
chr13	113068132	113068395	0.629	0.317	0.595034	High
chr13	113151454	113151643	0.248	-0.13	0.029264	Others
chr13	113215750	113215836	0.162	0.051	0.034506	High
chr13	113377630	113382048	-0.131	-0.233	0.047684	Low
chr13	113506158	113506288	-0.225	-0.015	0.054	Low
chr13	113541859	113542143	0.208	0.56	0.159744	High
chr13	113560230	113560431	0.278	0.249	0.146506	High
chr13	113725486	113725548	-0.48	-0.75	0.5904	Low
chr13	113940486	113941013	-0.188	-0.201	0.073132	Low
chr13	113999035	113999114	-0.094	-0.114	0.019552	Low
chr13	114103662	114104176	0.055	0.156	0.011605	High
chr13	114111271	114111460	0.151	0.414	0.085315	High
chr13	114117125	114117277	0.444	0.117	0.249084	High
chr14	19008715	19009879	-0.152	0.048	0.015808	Others
chr14	19267339	19267501	0.336	0.231	0.190512	High
chr14	20212618	20212766	-0.093	-0.072	0.015345	Low
chr14	20310286	20310441	0.132	0.356	0.064416	High
chr14	20506819	20506995	0.217	-0.034	0.039711	Others
chr14	24010055	24015416	0.297	-0.112	0.054945	Others
chr14	24793128	24793917	-0.541	-0.661	0.650282	Low
chr14	34836084	34836414	0.145	0.076	0.032045	High
chr14	38174290	38174606	0.575	0.506	0.621575	High
chr14	46108720	46109039	0.389	-0.062	0.127203	Others
chr14	49652152	49652308	0.952	0.389	1.27663	High
chr14	51134686	51134988	0.224	0.481	0.15792	High
chr14	59874679	59876522	-0.343	-0.166	0.174587	Low
chr14	64037667	64037748	0.251	0.242	0.123743	High
chr14	65139639	65141328	-0.088	-0.069	0.013816	Low
chr14	75947444	75950684	0.06	0.397	0.02742	High
chr14	77783509	77783846	0.409	0.493	0.368918	High
chr14	85876491	85876811	0.071	0.319	0.02769	High
chr14	92870597	92872377	0.629	0.161	0.49691	High
chr14	100705891	100706039	-0.15	-0.078	0.0342	Low
chr14	103297684	103297787	0.165	0.163	0.05412	High
chr14	104208723	104208960	0.175	0.179	0.06195	High
chr14	104430020	104430127	0.069	0.19	0.017871	High
chr14	104430159	104430410	0.193	0.136	0.063497	High
chr14	105236516	105236922	0.205	0.381	0.12013	High
chr14	105594165	105594428	-0.447	-0.04	0.217689	Low
chr14	105594594	105594725	0.201	0.155	0.071556	High
chr15	17007494	17009080	0.106	0.322	0.045368	High
chr15	17028161	17029528	-0.151	-0.073	0.033824	Low
chr15	17153764	17158019	-0.139	-0.031	0.02363	Low
chr15	17196998	17200049	-0.131	0.004	0.016637	Others
chr15	17220030	17221727	-0.145	-0.311	0.06612	Low
chr15	17245536	17254247	-0.169	0.024	0.024505	Others
chr15	17260242	17262976	-0.16	0.001	0.02544	Others
chr15	17306085	17306943	-0.188	-0.001	0.035532	Low
chr15	17331259	17332798	0.275	0.364	0.175725	High
chr15	17358443	17362692	-0.097	-0.209	0.029682	Low
chr15	17364107	17368544	-0.306	-0.284	0.18054	Low
chr15	18800337	18800848	-0.254	0.034	0.05588	Others
chr15	18805363	18805873	-0.115	-0.134	0.028635	Low
chr15	19816857	19818826	-0.22	-0.143	0.07986	Low
chr15	19943676	19943836	0.254	0.324	0.146812	High
chr15	20153036	20153310	0.246	0.259	0.12423	High
chr15	20376210	20384359	-0.138	-0.179	0.043746	Low
chr15	21159557	21159839	0.363	0.353	0.259908	High
chr15	22223671	22224003	-0.35	-0.128	0.1673	Low
chr15	22272719	22272845	0.247	0.196	0.109421	High
chr15	25686249	25687232	-0.377	-0.513	0.33553	Low
chr15	25758348	25758847	0.198	0.079	0.054846	High
chr15	43368229	43368554	0.741	0.131	0.646152	High
chr15	45277839	45277984	0.305	0.278	0.177815	High
chr15	47914808	47923052	-0.221	-0.286	0.112047	Low
chr15	50454975	50455467	0.758	0.445	0.911874	High
chr15	52232986	52233318	-0.544	-0.751	0.70448	Low
chr15	60367475	60367600	0.226	0.395	0.140346	High
chr15	67242127	67242460	0.116	0.378	0.057304	High
chr15	68757228	68757556	0.533	0.49	0.545259	High
chr15	75574969	75575271	0.092	0.302	0.036248	High
chr15	76592255	76604596	0.111	0.084	0.021645	High
chr15	84169268	84173806	-0.668	-0.621	0.861052	Low
chr15	85559654	85559748	0.044	0.468	0.022528	High
chr15	88552419	88552496	0.181	0.334	0.093215	High
chr15	90819208	90819348	0.271	0.434	0.191055	High
chr15	98055476	98055789	-0.241	-0.241	0.116162	Low
chr15	99116396	99117192	0.671	0.772	0.968253	High
chr15	100801282	100802164	-0.307	-0.29	0.183279	Low
chr15	101763118	101763299	-0.151	-0.146	0.044847	Low
chr15	101764231	101764483	0.052	0.15	0.010504	High
chr16	493796	494092	0.217	0.184	0.087017	High
chr16	826627	826957	-0.069	-0.136	0.014145	Low
chr16	953438	953983	-0.177	-0.177	0.062658	Low
chr16	1737989	1738502	0.185	0.543	0.13468	High
chr16	2297941	2298180	0.268	-0.016	0.067536	Others
chr16	8057665	8060176	-0.252	-0.231	0.121716	Low
chr16	18821202	18827053	0.172	0.294	0.080152	High
chr16	18956296	18956401	-0.123	-0.099	0.027306	Low
chr16	21403728	21403853	0.015	0.665	0.0102	High
chr16	21481158	21481474	0.906	0.703	1.45775	High
chr16	21836647	21837024	-0.865	-0.867	1.49818	Low
chr16	22520675	22520857	0.322	0.603	0.29785	High
chr16	22535269	22535520	0.468	0.36	0.387504	High
chr16	25328788	25331805	-0.252	-0.568	0.20664	Low
chr16	29298827	29298906	0.722	0.558	0.92416	High
chr16	29382145	29382283	-0.76	-0.749	1.14684	Low
chr16	29382284	29382409	-0.389	-0.225	0.238846	Low
chr16	30225132	30225245	0.316	0.498	0.257224	High
chr16	31104645	31104722	0.38	0.458	0.31844	High
chr16	31960878	31961148	-0.433	-0.35	0.339039	Low
chr16	33058936	33059064	-0.22	0.022	0.04356	Others
chr16	34185916	34187626	-0.253	-0.267	0.13156	Low
chr16	34281088	34282104	-0.087	-0.084	0.014877	Low
chr16	34281612	34282288	-0.113	-0.067	0.02034	Low
chr16	34286260	34286595	-0.162	-0.062	0.036288	Low
chr16	34287975	34288310	0.328	0.168	0.162688	High
chr16	36012939	36017714	-0.302	-0.349	0.196602	Low
chr16	36101776	36101835	0.189	0.272	0.087129	High
chr16	36101940	36102359	0.221	0.191	0.091052	High
chr16	36315102	36315778	0.113	0.024	0.015481	High
chr16	36318573	36319941	0.133	0.125	0.034314	High
chr16	36329008	36330062	-0.245	-0.168	0.101185	Low
chr16	36333312	36334026	0.14	0.166	0.04284	High
chr16	36334086	36334536	-0.291	-0.318	0.177219	Low
chr16	36622582	36622921	0.342	0.304	0.220932	High
chr16	49002161	49002295	0.248	-0.096	0.037696	Others
chr16	57218709	57219031	0.134	0.088	0.029748	High
chr16	58256998	58257315	0.556	0.344	0.5004	High
chr16	62012957	62013289	0.128	0.017	0.01856	High
chr16	75204712	75205295	0.364	0.009	0.135772	High
chr16	76505236	76510126	-0.374	-0.206	0.21692	Low
chr16	82130591	82130826	0.46	0.416	0.40296	High
chr16	83637234	83643306	-0.048	-0.174	0.010656	Low
chr16	85115881	85116468	-0.176	0.034	0.024992	Others
chr16	86686324	86686642	-0.128	0.03	0.012544	Others
chr16	88278629	88278788	0.3	0.059	0.1077	High
chr16	88281113	88281267	-0.195	0.089	0.02067	Others
chr16	88501079	88501283	0.262	0.117	0.099298	High
chr16	88547208	88547611	-0.643	-0.316	0.616637	Low
chr16	88771881	88772000	-0.451	-0.437	0.400488	Low
chr16	88933252	88933629	0.253	0.016	0.068057	High
chr16	89121990	89122126	0.507	0.223	0.37011	High
chr16	89165867	89166182	0.214	0.302	0.110424	High
chr16	89421265	89421414	0.12	0.025	0.0174	High
chr16	89522461	89522521	0.245	0.056	0.073745	High
chr16	90003525	90003689	0.073	0.386	0.033507	High
chr16	90217832	90218795	-0.219	0.054	0.036135	Others
chr16	90218987	90223623	0.377	0.354	0.275587	High
chr17	255200	255333	0.091	0.029	0.01092	High
chr17	255954	256087	0.35	0.124	0.1659	High
chr17	403372	403632	0.113	0.11	0.025199	High
chr17	404300	404386	0.195	0.233	0.08346	High
chr17	506071	507402	-0.233	-0.218	0.105083	Low
chr17	552907	553166	0.029	0.931	0.02784	High
chr17	753052	753233	-0.263	-0.25	0.134919	Low
chr17	762488	762626	0.202	0.188	0.07878	High
chr17	835684	836083	0.15	0.126	0.0414	High
chr17	835901	836122	0.306	0.505	0.248166	High
chr17	952303	952621	0.15	0.173	0.04845	High
chr17	1308608	1308695	0.129	0.02	0.019221	High
chr17	2447502	2447629	0.142	0.449	0.083922	High
chr17	3686211	3687861	-0.137	-0.02	0.021509	Low
chr17	4933822	4933899	-0.232	-0.271	0.116696	Low
chr17	5367551	5368037	0.085	0.892	0.083045	High
chr17	7337829	7340246	0.686	0.061	0.512442	High
chr17	12449816	12455936	-0.132	-0.103	0.03102	Low
chr17	17442970	17443019	0.08	0.146	0.01808	High
chr17	18887825	18888849	0.162	0.099	0.042282	High
chr17	19561548	19563893	-0.128	-0.101	0.029312	Low
chr17	20984797	20984865	0.135	0.185	0.0432	High
chr17	21309594	21317869	-0.139	-0.153	0.040588	Low
chr17	21843853	21844115	0.247	0.046	0.072371	High
chr17	21846235	21847320	-0.172	-0.104	0.047472	Low
chr17	22406403	22407470	0.371	0.299	0.24857	High
chr17	26572490	26573002	-0.235	-0.505	0.1739	Low
chr17	26619495	26621872	-0.202	-0.074	0.055752	Low
chr17	26775193	26775485	0.175	0.169	0.0602	High
chr17	26810800	26811149	0.056	0.137	0.010808	High
chr17	26811753	26811926	-0.078	-0.075	0.011934	Low
chr17	26847342	26848055	-0.364	-0.271	0.23114	Low
chr17	28798864	28799219	0.208	0	0.043264	Others
chr17	32179309	32179496	0.455	0.394	0.386295	High
chr17	33150686	33150866	0.261	-0.068	0.050373	Others
chr17	34838353	34838491	-0.387	0.169	0.084366	Others
chr17	43298134	43298233	0.768	0.174	0.723456	High
chr17	43298291	43299868	0.556	0.133	0.383084	High
chr17	43360622	43362839	-0.696	0.004	0.481632	Others
chr17	44524963	44525089	0.46	0.028	0.22448	High
chr17	50350142	50350525	0.196	0.469	0.13034	High
chr17	64135819	64136790	0.26	0.143	0.10478	High
chr17	66934423	66934738	0.152	0.091	0.036936	High
chr17	67524738	67525067	0.622	0.35	0.604584	High
chr17	73373872	73374702	-0.042	-0.305	0.014574	Low
chr17	73726403	73726862	-0.121	-0.068	0.022869	Low
chr17	75803030	75803125	0.094	0.162	0.024064	High
chr17	77239866	77240207	0.068	0.383	0.030668	High
chr17	77992201	77992515	0.262	0.34	0.157724	High
chr17	80488769	80489627	-0.113	-0.468	0.065653	Low
chr17	80748543	80748978	0.506	0.263	0.389114	High
chr17	81022816	81022975	-0.471	-0.628	0.517629	Low
chr17	81154539	81154859	-0.162	-0.213	0.06075	Low
chr17	82162714	82162830	0.848	-0.009	0.711472	Others
chr17	82448246	82448407	-0.115	-0.142	0.029555	Low
chr17	83004336	83004449	0.17	0.118	0.04896	High
chr17	83066800	83066967	0.255	0.09	0.087975	High
chr17	83134921	83135024	0.174	-0.004	0.02958	Others
chr17	83215896	83216553	0.186	0.675	0.160146	High
chr17	83217455	83217830	0.447	0.237	0.305748	High
chr18	837102	837417	0.164	0.588	0.123328	High
chr18	5324644	5326242	-0.102	-0.229	0.033762	Low
chr18	9225120	9225454	0.132	0.124	0.033792	High
chr18	12980268	12980541	0.478	0.245	0.345594	High
chr18	13143166	13144157	0.063	0.156	0.013797	High
chr18	15010441	15010493	0.461	0.253	0.329154	High
chr18	15388428	15389962	-0.078	-0.07	0.011544	Low
chr18	16578468	16579142	0.083	0.077	0.01328	High
chr18	17282859	17283533	0.17	0.101	0.04607	High
chr18	20617869	20620927	-0.1	-0.073	0.0173	Low
chr18	20630623	20635897	0.079	0.127	0.016274	High
chr18	20631385	20632575	0.129	0.135	0.034056	High
chr18	20640975	20641707	0.222	0.278	0.111	High
chr18	20644037	20644887	-0.244	-0.218	0.112728	Low
chr18	20646453	20649007	-0.093	-0.042	0.012555	Low
chr18	20674274	20674611	0.17	0.047	0.03689	High
chr18	20674709	20675221	0.504	0.317	0.413784	High
chr18	20718196	20719047	0.226	0.122	0.078648	High
chr18	20718654	20719504	0.242	0.253	0.11979	High
chr18	20720393	20720733	0.099	0.007	0.010494	High
chr18	20729354	20730883	0.065	0.101	0.01079	High
chr18	20738460	20739480	-0.22	-0.147	0.08074	Low
chr18	20743298	20744147	0.066	0.164	0.01518	High
chr18	20762740	20763759	-0.24	-0.313	0.13272	Low
chr18	20764693	20766564	-0.143	0.067	0.010868	Others
chr18	25312516	25312839	0.175	0.262	0.076475	High
chr18	26183007	26186163	0.74	0.026	0.56684	High
chr18	26975698	26977059	-0.289	-0.341	0.18207	Low
chr18	40426410	40427035	0.052	0.541	0.030836	High
chr18	40679928	40686784	-0.1	-0.332	0.0432	Low
chr18	46758454	46758790	0.068	0.489	0.037876	High
chr18	53679598	53684150	0.133	0.06	0.025669	High
chr18	57279506	57281485	-0.197	-0.549	0.146962	Low
chr18	57510315	57510627	-0.387	-0.343	0.28251	Low
chr18	57642525	57642626	0.026	0.533	0.014534	High
chr18	57678677	57678999	0.335	0.43	0.256275	High
chr18	66875693	66876013	0.555	0.355	0.50505	High
chr18	73311611	73311925	0.488	0.297	0.38308	High
chr18	73776972	73777306	0.101	0.014	0.011615	High
chr18	76393181	76394232	0.101	0.1	0.020301	High
chr18	77373467	77373567	-0.114	-0.194	0.035112	Low
chr18	78502520	78502659	0.105	0.496	0.063105	High
chr18	78654132	78654565	0.282	-0.125	0.044274	Others
chr18	78898603	78898792	-0.232	-0.153	0.08932	Low
chr18	79473554	79473633	0.154	0.159	0.048202	High
chr18	79550276	79550437	0.144	-0.004	0.02016	Others
chr18	79745847	79746014	0.245	0.124	0.090405	High
chr18	79780140	79780454	-0.212	-0.171	0.081196	Low
chr19	199254	199641	0.219	0.16	0.083001	High
chr19	298413	298977	-0.123	-0.267	0.04797	Low
chr19	299449	300382	-0.196	-0.203	0.078204	Low
chr19	332995	333689	0.141	0.519	0.09306	High
chr19	360162	361696	0.247	-0.003	0.060268	Others
chr19	432344	432807	0.327	0.068	0.129165	High
chr19	492842	492977	0.276	0.017	0.080868	High
chr19	620925	620986	0.355	-0.028	0.116085	Others
chr19	1034742	1034915	0.078	0.257	0.02613	High
chr19	1049491	1049791	0.672	-0.167	0.33936	Others
chr19	2773197	2773319	0.101	0.052	0.015453	High
chr19	2805820	2805875	0.087	0.071	0.013746	High
chr19	2909504	2910824	0.604	0.788	0.840768	High
chr19	3820807	3820914	-0.271	-0.224	0.134145	Low
chr19	3973361	3974430	0.044	0.269	0.013772	High
chr19	3973822	3974892	0.318	-0.02	0.094764	Others
chr19	4618584	4619567	-0.413	-0.273	0.283318	Low
chr19	4835478	4836357	0.163	0.17	0.054279	High
chr19	4885429	4885988	0.105	0.183	0.03024	High
chr19	6152283	6152550	0.162	0.093	0.04131	High
chr19	6163188	6163478	0.29	0.016	0.08874	High
chr19	6987451	6987780	0.259	0.396	0.169645	High
chr19	8277068	8277352	-0.218	0.009	0.045562	Others
chr19	8897885	8898190	-0.269	-0.3	0.153061	Low
chr19	12053911	12066781	-0.303	-0.231	0.161802	Low
chr19	12170037	12170170	0.379	0.355	0.278186	High
chr19	12445919	12447501	0.286	0.135	0.120406	High
chr19	19930529	19930581	0.295	0.133	0.12626	High
chr19	20065907	20066216	0.158	0.23	0.061304	High
chr19	21331163	21331349	0.3	0.303	0.1809	High
chr19	21562300	21562639	0.124	0.023	0.018228	High
chr19	21584228	21584524	-0.403	-0.084	0.196261	Low
chr19	22107145	22107319	0.382	0.62	0.382764	High
chr19	29459277	29465259	-0.263	0.112	0.039713	Others
chr19	29696979	29697499	0.498	0.105	0.300294	High
chr19	30796565	30798837	-0.399	-0.456	0.341145	Low
chr19	36349849	36356169	0.133	0.252	0.051205	High
chr19	39900185	39900497	0.109	0.368	0.051993	High
chr19	43456633	43456769	0.186	-0.047	0.025854	Others
chr19	46293548	46293875	0.16	0.415	0.092	High
chr19	47025008	47025474	0.196	0.033	0.044884	High
chr19	47155929	47156706	0.197	0.214	0.080967	High
chr19	51952955	51953129	0.173	-0.021	0.026296	Others
chr19	52592753	52594354	0.55	0.176	0.3993	High
chr19	52918945	52920953	0.074	0.472	0.040404	High
chr19	53185916	53188697	0.317	0.852	0.370573	High
chr19	53317536	53317850	0.615	0.22	0.513525	High
chr19	53962358	53962567	-0.525	-0.824	0.708225	Low
chr19	54052271	54057387	-0.368	-0.097	0.17112	Low
chr19	55096807	55096960	0.288	0.394	0.196416	High
chr19	55984381	55984697	0.554	0.391	0.52353	High
chr19	56079917	56080330	0.109	0.437	0.059514	High
chr20	2822501	2825762	-0.077	-0.164	0.018557	Low
chr20	5962341	5962669	0.501	0.64	0.571641	High
chr20	7116134	7122198	0.271	0.171	0.119782	High
chr20	16098404	16104723	-0.192	-0.104	0.056832	Low
chr20	16227502	16227727	0.547	0.723	0.69469	High
chr20	21305452	21308133	0.443	0.427	0.38541	High
chr20	24476187	24477000	-0.148	-0.041	0.027972	Low
chr20	26080180	26080480	0.04	0.236	0.01104	High
chr20	26475274	26478669	0.194	0.223	0.080898	High
chr20	28786525	28787890	-0.095	-0.06	0.014725	Low
chr20	28939901	28940242	0.195	0.198	0.076635	High
chr20	29192557	29192898	0.408	0.408	0.332928	High
chr20	29272775	29278867	-0.122	-0.017	0.016958	Low
chr20	29285727	29285880	0.325	0.037	0.11765	High
chr20	29515521	29516417	-0.109	-0.278	0.042183	Low
chr20	29700018	29703089	0.117	-0.001	0.013572	Others
chr20	29775153	29775473	0.191	0.069	0.04966	High
chr20	29911898	29913093	0.215	0.269	0.10406	High
chr20	29922308	29923162	-0.087	-0.087	0.015138	Low
chr20	29936019	29936876	-0.118	-0.148	0.031388	Low
chr20	29936240	29937098	-0.132	-0.102	0.030888	Low
chr20	29942794	29944500	-0.158	-0.185	0.054194	Low
chr20	29961639	29962319	-0.183	-0.232	0.075945	Low
chr20	30105046	30105719	0.145	0.093	0.03451	High
chr20	30119961	30121118	0.286	0.375	0.189046	High
chr20	30845763	30848042	0.364	0.111	0.1729	High
chr20	30875055	30875947	-0.16	-0.003	0.02608	Low
chr20	30980304	30980435	0.401	-0.086	0.126315	Others
chr20	31170831	31177627	-0.437	-0.425	0.376694	Low
chr20	36976388	36976562	0.069	0.373	0.030498	High
chr20	38426467	38427166	0.3	-0.055	0.0735	Others
chr20	43643224	43645947	0.467	0.312	0.363793	High
chr20	55859554	55865559	0.127	-0.032	0.012065	Others
chr20	55888164	55888480	0.231	0.14	0.085701	High
chr20	55945043	55945240	0.285	0.289	0.16359	High
chr20	55967128	55967231	0.21	-0.109	0.02121	Others
chr20	59210849	59211064	0.367	0.363	0.26791	High
chr20	61399110	61399430	-0.126	-0.147	0.034398	Low
chr20	61946620	61946762	0.422	-0.049	0.157406	Others
chr20	61951232	61951536	-0.1	-0.062	0.0162	Low
chr20	61995568	61995886	0.065	0.307	0.02418	High
chr20	62057886	62058326	0.283	0.016	0.084617	High
chr20	62373538	62373676	0.032	0.706	0.023616	High
chr20	62672898	62673786	0.128	0.515	0.082304	High
chr20	62741271	62743418	0.3	-0.19	0.033	Others
chr20	63455800	63455935	-0.277	-0.274	0.152627	Low
chr20	64029684	64029789	0.207	0.432	0.132273	High
chr20	64314319	64326708	-0.501	-0.029	0.26553	Low
chr21	5097454	5097509	0.384	0.502	0.340224	High
chr21	5307342	5308196	-0.253	-0.231	0.122452	Low
chr21	5333615	5335493	-0.376	-0.086	0.173712	Low
chr21	6145189	6145404	0.465	0.472	0.435705	High
chr21	7232146	7232471	0.122	0.336	0.055876	High
chr21	7238380	7239063	-0.28	-0.446	0.20328	Low
chr21	7239817	7240491	0.148	0.409	0.082436	High
chr21	7631070	7632594	0.191	0.228	0.080029	High
chr21	8019693	8022072	-0.147	-0.212	0.052773	Low
chr21	8026644	8028854	-0.4	-0.167	0.2268	Low
chr21	8594729	8595614	0.567	0.436	0.568701	High
chr21	9002886	9003209	0.24	0.171	0.09864	High
chr21	9101395	9101695	0.197	0.368	0.111305	High
chr21	10014850	10015013	0.373	0.516	0.331597	High
chr21	10543002	10543299	0.225	0.246	0.105975	High
chr21	10767435	10767789	0.06	0.134	0.01164	High
chr21	10769164	10770076	-0.187	0.049	0.025806	Others
chr21	14088467	14089535	0.423	0.4	0.348129	High
chr21	17954283	17956791	-0.3	-0.089	0.1167	Low
chr21	18751562	18751877	0.142	0.259	0.056942	High
chr21	21789848	21790089	-0.153	0.087	0.010098	Others
chr21	24391887	24392213	0.431	0.074	0.217655	High
chr21	29179903	29180256	0.323	0.178	0.161823	High
chr21	29229495	29229834	0.116	0.306	0.048952	High
chr21	32477737	32477817	0.112	0.483	0.06664	High
chr21	38528422	38528745	0.337	0.213	0.18535	High
chr21	40214938	40215262	0.249	0.348	0.148653	High
chr21	41030956	41031276	0.228	0.05	0.063384	High
chr21	42078235	42078534	-0.399	-0.403	0.319998	Low
chr21	42587689	42588049	0.272	-0.09	0.049504	Others
chr21	42848525	42848650	0.134	0.136	0.03618	High
chr21	43392768	43393014	0.137	0.221	0.049046	High
chr21	44164409	44164492	0.162	0.184	0.056052	High
chr21	44422723	44422892	0.054	0.212	0.014364	High
chr21	44982204	44982427	0.212	0.301	0.108756	High
chr21	45028097	45028740	0.081	0.132	0.017253	High
chr21	45365241	45365304	0.326	-0.024	0.098452	Others
chr21	45524103	45524405	0.366	0.021	0.141642	High
chr21	46381982	46384649	0.042	0.326	0.015456	High
chr21	46698968	46699083	0.092	0.107	0.018308	High
chr22	10571634	10572034	0.192	0.041	0.044736	High
chr22	10572188	10572732	0.033	0.408	0.014553	High
chr22	10628854	10628905	0.452	0.476	0.419456	High
chr22	10728186	10729365	-0.237	-0.25	0.115419	Low
chr22	11058536	11060342	0.179	0.117	0.052984	High
chr22	11815401	11815691	0.244	0.087	0.080764	High
chr22	12328827	12331038	0.092	0.211	0.027876	High
chr22	12341361	12347005	0.191	0.039	0.04393	High
chr22	12533693	12535904	0.32	0.19	0.1632	High
chr22	15366480	15370521	-0.292	-0.11	0.117384	Low
chr22	16363781	16365578	-0.175	-0.14	0.055125	Low
chr22	16881924	16882644	0.156	0.128	0.044304	High
chr22	17404351	17404671	0.337	0.042	0.127723	High
chr22	19584095	19585577	-0.23	0.123	0.02461	Others
chr22	20358833	20359753	0.442	0.134	0.254592	High
chr22	22828353	22828690	0.486	0.052	0.261468	High
chr22	23136241	23137371	-0.125	-0.049	0.02175	Low
chr22	27027690	27027811	-0.156	-0.152	0.048048	Low
chr22	31812535	31812850	0.134	0.173	0.041138	High
chr22	43076256	43078842	0.056	0.204	0.01456	High
chr22	45158837	45161241	0.316	0.054	0.11692	High
chr22	45953132	45953222	-0.43	-0.472	0.38786	Low
chr22	46621504	46621647	0.199	0.245	0.088356	High
chr22	46621576	46621647	0.071	0.374	0.031595	High
chr22	47162615	47162688	0.35	0.244	0.2079	High
chr22	48497504	48497737	-0.1	-0.103	0.0203	Low
chr22	49319853	49321517	0.083	0.165	0.020584	High
chr22	49321037	49321148	0.358	0.144	0.179716	High
chr22	49407214	49407837	-0.338	-0.109	0.151086	Low
chr22	49433328	49433572	0.106	0.064	0.01802	High
