chr1	181210	181448	0.157	0.075	0.036424	High
chr1	1076350	1076497	-0.161	-0.092	0.040733	Low
chr1	1139350	1139593	-0.151	0.044	0.016157	Others
chr1	1139875	1140240	-0.083	-0.125	0.017264	Low
chr1	1288543	1289312	0.082	0.107	0.015498	High
chr1	1289592	1289846	0.163	0.046	0.034067	High
chr1	1934989	1935583	0.092	0.022	0.010488	High
chr1	2669928	2670489	-0.142	-0.124	0.037772	Low
chr1	2750126	2750607	-0.093	-0.108	0.018693	Low
chr1	2762075	2762233	-0.153	-0.188	0.052173	Low
chr1	3800438	3800587	0.677	0.066	0.503011	High
chr1	3892303	3892532	0.071	0.13	0.014271	High
chr1	4065805	4066364	0.217	0.067	0.061628	High
chr1	6012277	6012520	0.132	-0.009	0.016236	Others
chr1	7864891	7865112	0.074	0.106	0.01332	High
chr1	10744344	10744511	-0.204	-0.194	0.081192	Low
chr1	14110577	14112443	0.24	0.149	0.09336	High
chr1	14331214	14331989	0.363	0.572	0.339405	High
chr1	16744928	16746691	-0.147	-0.143	0.04263	Low
chr1	16950111	16950404	0.252	0.035	0.072324	High
chr1	17241451	17241594	-0.108	-0.148	0.027648	Low
chr1	18604849	18604924	0.262	0.335	0.156414	High
chr1	21459925	21460196	0.251	0.247	0.124998	High
chr1	23993614	23993987	0.076	0.081	0.011932	High
chr1	24076495	24076811	0.209	0.276	0.101365	High
chr1	24478046	24480949	0.269	0.113	0.102758	High
chr1	26163321	26163646	0.436	0.41	0.368856	High
chr1	27477601	27477929	0.317	0.211	0.167376	High
chr1	30567797	30568811	0.179	0.092	0.048509	High
chr1	31176905	31177031	0.31	0.037	0.10757	High
chr1	32974280	32974406	0.044	0.597	0.028204	High
chr1	42166805	42167123	0.064	0.164	0.014592	High
chr1	43106314	43107074	0.059	0.132	0.011269	High
chr1	57877539	57877862	0.343	0.364	0.242501	High
chr1	58552311	58552562	0.382	0.116	0.190236	High
chr1	58593944	58594268	0.057	0.365	0.024054	High
chr1	65670034	65670363	0.14	0.195	0.0469	High
chr1	80728656	80728982	0.588	0.566	0.678552	High
chr1	85282937	85283266	0.173	0.192	0.063145	High
chr1	91668766	91669341	0.09	0.147	0.02133	High
chr1	92017613	92018594	-0.119	-0.074	0.022967	Low
chr1	109059974	109060667	-0.128	-0.026	0.019712	Low
chr1	113068700	113071154	0.477	0.172	0.309573	High
chr1	113257006	113257467	0.114	0.077	0.021774	High
chr1	121149849	121150171	0.188	0.402	0.11092	High
chr1	121618819	121619354	-0.254	-0.227	0.122174	Low
chr1	121881148	121884880	0.107	0.056	0.017441	High
chr1	144118906	144119231	0.147	0.104	0.036897	High
chr1	144152426	144152495	0.09	0.216	0.02754	High
chr1	144152602	144152769	0.149	0.152	0.044849	High
chr1	144846229	144846559	0.095	0.118	0.020235	High
chr1	145363600	145365172	-0.094	-0.099	0.018142	Low
chr1	146067231	146070370	0.159	0.13	0.045951	High
chr1	146074349	146077544	-0.11	-0.131	0.02651	Low
chr1	146136989	146143284	0.348	-0.043	0.10614	Others
chr1	158897740	158900190	-0.117	-0.03	0.017199	Low
chr1	158991561	158996410	0.241	0.214	0.109655	High
chr1	203918538	203920757	0.129	0.222	0.045279	High
chr1	203966701	203967171	0.122	0.22	0.041724	High
chr1	205966738	205967053	0.35	0.165	0.18025	High
chr1	207667717	207672468	-0.344	-0.547	0.306504	Low
chr1	220329601	220330239	0.411	0.26	0.275781	High
chr1	225815112	225815438	0.146	0.139	0.04161	High
chr1	232287372	232287699	0.196	0.276	0.092512	High
chr1	233729409	233729738	0.182	0.43	0.111384	High
chr1	235891275	235891612	0.443	0.032	0.210425	High
chr1	236385786	236388028	0.22	0.105	0.0715	High
chr1	236756477	236757161	0.156	0.148	0.047424	High
chr1	238689007	238689949	0.228	0.169	0.090516	High
chr1	240229699	240231476	-0.172	-0.122	0.050568	Low
chr1	246783012	246783283	0.223	-0.03	0.043039	Others
chr1	247116062	247116200	0.082	0.243	0.02665	High
chr1	247116568	247118035	0.115	0.105	0.0253	High
chr1	247116614	247117071	0.133	0.153	0.038038	High
chr1	247116936	247117622	0.148	0.099	0.036556	High
chr1	247406228	247406457	0.514	0.065	0.297606	High
chr1	248510772	248519300	-0.118	0.006	0.013216	Others
chr2	198072	198175	0.109	0.041	0.01635	High
chr2	294104	294295	0.189	0.008	0.037233	High
chr2	306457	306732	0.045	0.313	0.01611	High
chr2	307119	307573	0.08	0.108	0.01504	High
chr2	307131	308217	0.158	0.088	0.038868	High
chr2	308815	308919	0.364	0.074	0.159432	High
chr2	420373	420426	0.06	0.167	0.01362	High
chr2	488094	488406	0.154	0.096	0.0385	High
chr2	495609	495818	0.207	0.107	0.064998	High
chr2	1107470	1107677	0.114	0.08	0.022116	High
chr2	1343995	1344787	-0.225	-0.219	0.0999	Low
chr2	1610827	1611230	-0.256	-0.393	0.166144	Low
chr2	2034396	2035288	0.084	0.175	0.021756	High
chr2	3786348	3786452	0.115	0.185	0.0345	High
chr2	4171046	4175887	-0.279	-0.122	0.111879	Low
chr2	5069043	5069368	0.349	0.354	0.245347	High
chr2	5347635	5347901	0.402	0.387	0.317178	High
chr2	6260376	6262060	-0.124	0.04	0.010416	Others
chr2	7120521	7120661	0.102	0.23	0.033864	High
chr2	16110985	16111308	0.212	0.35	0.119144	High
chr2	20466904	20467210	0.173	0.05	0.038579	High
chr2	23846444	23846985	0.105	-0.006	0.010395	Others
chr2	31119859	31120173	0.328	0.269	0.195816	High
chr2	44257089	44264173	0.091	0.1	0.017381	High
chr2	44556448	44556768	0.09	0.045	0.01215	High
chr2	46206643	46206804	0.155	0.07	0.034875	High
chr2	48554696	48557727	0.157	0.199	0.055892	High
chr2	65580373	65580682	0.224	0.173	0.088928	High
chr2	67906468	67906662	0.259	0.203	0.119658	High
chr2	77749641	77749964	0.253	0.308	0.141933	High
chr2	78830521	78830856	0.678	0.524	0.814956	High
chr2	78849444	78854079	0.328	0.382	0.23288	High
chr2	87348869	87349036	0.103	0.126	0.023587	High
chr2	88522448	88522970	0.136	0.358	0.067184	High
chr2	91412652	91412798	0.139	0.158	0.041283	High
chr2	95959067	95960947	0.108	0.088	0.021168	High
chr2	106322002	106322330	0.179	0.182	0.064619	High
chr2	113393749	113396033	0.166	0.114	0.04648	High
chr2	113651646	113653665	-0.315	-0.127	0.13923	Low
chr2	114870527	114871265	0.392	0.165	0.218344	High
chr2	128471425	128471585	0.384	0.089	0.181632	High
chr2	130061890	130062519	-0.173	-0.167	0.05882	Low
chr2	134209129	134212558	0.073	0.197	0.01971	High
chr2	146105051	146119293	0.159	0.055	0.034026	High
chr2	149902786	149903106	0.135	0.443	0.07803	High
chr2	150542489	150542596	-0.157	-0.107	0.041448	Low
chr2	155331600	155331781	0.266	0.348	0.163324	High
chr2	162809898	162810212	0.154	0.332	0.074844	High
chr2	175813071	175813673	0.136	0.61	0.101456	High
chr2	177990728	177992484	0.133	0.094	0.030191	High
chr2	182451079	182451393	0.396	0.299	0.27522	High
chr2	187637249	187637322	0.094	0.081	0.01645	High
chr2	195871687	195871965	0.232	0.268	0.116	High
chr2	196749892	196750223	0.323	0.084	0.131461	High
chr2	201856925	201857245	0.675	0.24	0.617625	High
chr2	209484292	209484376	0.112	0.46	0.064064	High
chr2	213642606	213642844	0.209	0.384	0.123937	High
chr2	214009979	214011488	-0.129	-0.106	0.030315	Low
chr2	214864037	214866106	-0.142	-0.094	0.033512	Low
chr2	220481211	220481538	0.271	0.267	0.145798	High
chr2	224428234	224428681	0.376	0.263	0.240264	High
chr2	231846474	231847008	0.097	0.07	0.016199	High
chr2	235186024	235186352	0.287	0.319	0.173922	High
chr2	235734944	235735088	0.114	0.283	0.045258	High
chr2	237543620	237544082	0.155	0.065	0.0341	High
chr2	239176273	239176356	0.082	0.087	0.013858	High
chr2	239231608	239231747	0.181	0.453	0.114754	High
chr2	240842577	240843038	0.17	0.16	0.0561	High
chr2	240843200	240843416	0.353	0.057	0.14473	High
chr2	241985544	241985817	0.031	0.362	0.012183	High
chr3	5234143	5234312	0.236	0.132	0.086848	High
chr3	11604259	11605193	-0.18	0.055	0.0225	Others
chr3	28125965	28126290	0.347	0.324	0.232837	High
chr3	32162369	32162650	0.177	0.236	0.073101	High
chr3	38081460	38081759	0.055	0.139	0.01067	High
chr3	45568394	45568809	0.107	0.412	0.055533	High
chr3	46756126	46808788	0.148	-0.044	0.015392	Others
chr3	48920354	48921292	0.031	0.948	0.030349	High
chr3	49160316	49160638	0.361	0.062	0.152703	High
chr3	49938767	49939538	0.842	0.077	0.773798	High
chr3	66063569	66063882	0.161	0.041	0.032522	High
chr3	75734279	75734619	0.085	0.129	0.01819	High
chr3	75768367	75768895	0.112	0.074	0.020832	High
chr3	75778711	75780282	0.164	0.017	0.029684	High
chr3	75782685	75782894	0.071	0.193	0.018744	High
chr3	76730510	76730733	0.156	0.05	0.032136	High
chr3	77290142	77290617	-0.161	-0.055	0.034776	Low
chr3	80770514	80770577	0.203	0.13	0.067599	High
chr3	90536600	90537959	0.141	-0.006	0.019035	Others
chr3	91934804	91936163	0.064	0.126	0.01216	High
chr3	93768819	93768946	0.135	0.088	0.030105	High
chr3	127308884	127309033	0.234	0.44	0.157716	High
chr3	129465624	129465933	0.106	0.08	0.019716	High
chr3	130044523	130087917	-0.165	0.068	0.016005	Others
chr3	130628722	130634263	0.098	0.203	0.029498	High
chr3	131952457	131952554	0.135	0.091	0.03051	High
chr3	131958958	131959298	0.369	0.312	0.251289	High
chr3	159711196	159711394	0.67	0.277	0.63449	High
chr3	177663527	177667624	0.073	0.083	0.011388	High
chr3	185299540	185299864	0.199	0.377	0.114624	High
chr3	186874266	186874343	0.122	0.053	0.02135	High
chr3	190019555	190022734	-0.192	0.108	0.016128	Others
chr3	190572850	190573146	0.362	0.331	0.250866	High
chr3	192641105	192641403	0.301	0.416	0.215817	High
chr3	193157540	193167615	0.308	-0.028	0.08624	Others
chr3	194846168	194846448	0.159	0.138	0.047223	High
chr3	195478500	195479296	0.179	0.274	0.081087	High
chr3	196145386	196145485	0.132	0.121	0.033396	High
chr3	196543267	196543343	0.06	0.114	0.01044	High
chr3	198104652	198105000	0.052	0.418	0.02444	High
chr3	198105559	198105656	0.135	0.122	0.034695	High
chr4	1545640	1547129	0.28	0.244	0.14672	High
chr4	1601229	1601941	0.084	0.212	0.024864	High
chr4	2430188	2430313	0.151	0.186	0.050887	High
chr4	3309063	3309221	-0.17	-0.247	0.07089	Low
chr4	3564105	3564728	0.065	0.176	0.015665	High
chr4	7255854	7255958	0.321	0.355	0.216996	High
chr4	7633784	7634124	-0.203	-0.076	0.056637	Low
chr4	7994067	7995165	0.111	0.172	0.031413	High
chr4	9950666	9950915	0.15	0.398	0.0822	High
chr4	9955197	9955514	0.209	0.152	0.075449	High
chr4	10145472	10145586	-0.298	-0.082	0.11324	Low
chr4	19077827	19083926	0.245	0.186	0.105595	High
chr4	21159363	21165473	0.193	0.345	0.103834	High
chr4	25239427	25239567	0.25	-0.009	0.06025	Others
chr4	32195658	32195822	0.255	0.192	0.113985	High
chr4	49323604	49330063	-0.103	-0.104	0.021321	Low
chr4	49955928	49956608	0.168	0.22	0.065184	High
chr4	50195267	50195947	0.106	0.247	0.037418	High
chr4	50203334	50204014	0.128	0.158	0.036608	High
chr4	51804423	51805100	-0.143	-0.072	0.030745	Low
chr4	51806632	51807309	-0.111	-0.07	0.020091	Low
chr4	58741424	58741743	0.126	0.16	0.036036	High
chr4	59078841	59084882	0.05	0.211	0.01305	High
chr4	61133657	61134989	-0.287	-0.194	0.138047	Low
chr4	69094123	69094446	0.211	0.143	0.074694	High
chr4	69601766	69607083	-0.444	0.039	0.17982	Others
chr4	82474355	82474675	0.402	0.018	0.16884	High
chr4	86725238	86730789	-0.085	-0.205	0.02465	Low
chr4	96976043	96976378	0.551	0.102	0.359803	High
chr4	97260110	97260430	0.171	0.397	0.097128	High
chr4	102408256	102410889	0.392	0.03	0.165424	High
chr4	102951944	102954449	-0.224	-0.035	0.058016	Low
chr4	106135421	106142203	0.114	0.073	0.021318	High
chr4	108186518	108186818	0.347	0.209	0.192932	High
chr4	108799896	108801058	-0.235	-0.02	0.059925	Low
chr4	109577584	109577908	0.317	0.037	0.112218	High
chr4	112548818	112549124	0.371	0.037	0.151368	High
chr4	122812079	122812232	0.162	-0.046	0.018792	Others
chr4	124022397	124024030	0.13	0.012	0.01846	High
chr4	124750583	124750901	0.094	0.266	0.03384	High
chr4	132698721	132699026	0.306	0.343	0.198594	High
chr4	152069159	152072793	0.274	0.265	0.147686	High
chr4	159523757	159524203	0.358	0.01	0.131744	High
chr4	163580788	163581100	0.197	0.05	0.048659	High
chr4	165081465	165083902	0.249	0.209	0.114042	High
chr4	171453260	171458273	0.195	-0.064	0.025545	Others
chr4	173611908	173614759	0.072	0.154	0.016272	High
chr4	183736169	183736733	0.106	0.014	0.01272	High
chr4	185277711	185278029	0.263	0.11	0.098099	High
chr4	186057165	186057430	0.187	0.01	0.036839	High
chr4	186173625	186174447	-0.163	-0.124	0.046781	Low
chr4	186176006	186177033	-0.452	-0.484	0.423072	Low
chr4	186432310	186436009	0.333	0.078	0.136863	High
chr4	186477522	186478165	0.171	-0.09	0.013851	Others
chr4	186693362	186693689	-0.445	-0.39	0.371575	Low
chr4	186972833	186972948	0.47	-0.052	0.19646	Others
chr4	188269003	188269252	-0.467	-0.585	0.491284	Low
chr4	188973944	188974102	0.1	0.085	0.0185	High
chr4	188974264	188974467	0.192	0.102	0.056448	High
chr4	188974475	188974883	0.126	0.031	0.019782	High
chr4	189011329	189011543	-0.065	-0.18	0.015925	Low
chr4	189051518	189052246	0.251	0.165	0.104416	High
chr4	189136844	189143117	0.16	0.286	0.07136	High
chr4	189270446	189279307	-0.534	-0.02	0.295836	Low
chr4	189308895	189309020	0.157	0.063	0.03454	High
chr4	189309210	189309545	0.335	0.011	0.11591	High
chr4	190120251	190120554	-0.35	0.08	0.0945	Others
chr5	12295	12454	0.681	0.123	0.547524	High
chr5	53218	53435	-0.845	-0.471	1.11202	Low
chr5	164869	164956	-0.142	-0.088	0.03266	Low
chr5	165578	165689	0.138	0.055	0.026634	High
chr5	165998	166165	0.28	0.041	0.08988	High
chr5	175992	176278	-0.487	-0.158	0.314115	Low
chr5	468070	468249	0.247	0.013	0.06422	High
chr5	557728	557863	0.249	0.105	0.088146	High
chr5	561896	563312	0.222	0.168	0.08658	High
chr5	562643	563289	0.211	-0.03	0.038191	Others
chr5	563454	563539	0.509	0.101	0.31049	High
chr5	565031	565203	-0.155	-0.057	0.03286	Low
chr5	667822	668110	0.149	0.013	0.024138	High
chr5	976079	976214	0.224	0.124	0.077952	High
chr5	1178178	1180616	0.191	-0.073	0.022538	Others
chr5	1483742	1483841	0.273	0.111	0.104832	High
chr5	1663627	1664158	0.076	0.201	0.021052	High
chr5	1768959	1769205	0.389	0.166	0.215895	High
chr5	1950898	1951340	0.27	0.187	0.12339	High
chr5	3499147	3499467	0.25	0.34	0.1475	High
chr5	3502199	3502526	0.332	0.134	0.154712	High
chr5	3638056	3639243	-0.179	-0.171	0.06265	Low
chr5	5610679	5610823	0.197	0.197	0.077618	High
chr5	7300655	7300927	0.283	0.159	0.125086	High
chr5	8256175	8257665	-0.225	0.001	0.0504	Others
chr5	9400498	9400767	0.091	0.117	0.018928	High
chr5	10273117	10274960	-0.353	-0.135	0.172264	Low
chr5	10638999	10640114	0.382	0.033	0.15853	High
chr5	12425862	12426311	0.302	0.253	0.16761	High
chr5	13855191	13855505	0.175	0.442	0.107975	High
chr5	42981401	42981865	0.454	-0.011	0.201122	Others
chr5	46811560	46815992	0.161	0.034	0.031395	High
chr5	46818116	46819310	0.27	0.088	0.09666	High
chr5	46820208	46821739	-0.125	-0.087	0.0265	Low
chr5	46861477	46865222	-0.139	-0.129	0.037252	Low
chr5	46922961	46933360	-0.149	-0.01	0.023691	Low
chr5	47118209	47123832	0.164	0.109	0.044772	High
chr5	47121815	47122325	0.131	0.209	0.04454	High
chr5	50938546	50943629	-0.419	0.061	0.150002	Others
chr5	56014553	56014602	0.334	0.006	0.11356	High
chr5	58481695	58482298	-0.163	0.068	0.015485	Others
chr5	61997799	61998124	0.077	0.452	0.040733	High
chr5	75786468	75786776	0.255	0.196	0.115005	High
chr5	76139838	76139955	-0.27	0.075	0.05265	Others
chr5	78278342	78278631	0.644	0.009	0.420532	High
chr5	78981903	78982221	0.036	0.817	0.030708	High
chr5	80301308	80301387	0.195	0.07	0.051675	High
chr5	81886660	81887001	0.182	0.061	0.044226	High
chr5	83610239	83610557	0.063	0.581	0.040572	High
chr5	88616036	88616132	0.228	0.063	0.066348	High
chr5	88747321	88747648	0.242	0.382	0.151008	High
chr5	98065857	98067055	-0.229	-0.27	0.114271	Low
chr5	100272443	100272754	0.349	0.435	0.273616	High
chr5	103694853	103695177	0.134	0.305	0.058826	High
chr5	106901185	106901929	-0.149	-0.099	0.036952	Low
chr5	106903834	106904035	-0.149	0.066	0.012367	Others
chr5	114123340	114123662	0.075	0.339	0.03105	High
chr5	115420801	115422191	-0.156	-0.035	0.029796	Low
chr5	120977323	120977637	0.357	0.512	0.310233	High
chr5	122240420	122245112	-0.401	-0.026	0.171227	Low
chr5	123236804	123237326	0.151	0.108	0.039109	High
chr5	128071747	128075223	0.297	-0.009	0.085536	Others
chr5	133799002	133800796	-0.202	-0.149	0.070902	Low
chr5	137686873	137688196	0.365	0.351	0.26134	High
chr5	140842554	140859343	-0.359	0.179	0.06462	Others
chr5	143801478	143806581	0.057	0.233	0.01653	High
chr5	150366628	150366953	0.132	0.055	0.024684	High
chr5	150823588	150843717	0.215	-0.141	0.01591	Others
chr5	151410172	151413064	-0.462	-0.033	0.22869	Low
chr5	154744623	154744937	0.242	0.033	0.06655	High
chr5	156048921	156063029	-0.428	-0.168	0.255088	Low
chr5	159165389	159165733	0.52	0.127	0.33644	High
chr5	167859925	167860024	0.414	0.025	0.181746	High
chr5	170702730	170704200	-0.149	0.076	0.010877	Others
chr5	176062210	176062817	0.361	0.641	0.361722	High
chr5	177396406	177396594	0.354	0.225	0.204966	High
chr5	177772231	177778280	0.31	0.104	0.12834	High
chr5	177781368	177781975	0.22	0.191	0.09042	High
chr5	178095951	178096938	0.125	0.054	0.022375	High
chr5	178394895	178396566	0.129	0.316	0.057405	High
chr5	179313292	179313623	0.125	0.057	0.02275	High
chr5	179637376	179639972	-0.078	-0.095	0.013494	Low
chr5	181088829	181089214	0.342	0.351	0.237006	High
chr5	181090186	181091397	0.242	0.029	0.065582	High
chr5	181090975	181091168	0.442	0.011	0.200226	High
chr5	181449131	181449271	0.163	0.115	0.045314	High
chr6	676831	677154	0.442	-0.007	0.19227	Others
chr6	1234864	1235068	-0.453	-0.091	0.246432	Low
chr6	3146427	3146630	0.177	0.019	0.034692	High
chr6	5135062	5135285	0.15	0.011	0.02415	High
chr6	6277107	6277368	0.06	0.156	0.01296	High
chr6	7273126	7273683	0.36	0.12	0.1728	High
chr6	8227690	8228007	0.47	0.214	0.32148	High
chr6	19423371	19423604	0.224	0.277	0.112224	High
chr6	23685759	23686086	0.36	0.242	0.21672	High
chr6	23743031	23745716	-0.36	0.116	0.08784	Others
chr6	26611010	26617790	-0.418	-0.475	0.373274	Low
chr6	28222417	28222753	0.185	0.477	0.12247	High
chr6	34732176	34732825	-0.164	-0.11	0.044936	Low
chr6	35658655	35661966	0.132	-0.022	0.01452	Others
chr6	41436322	41436644	0.599	0.192	0.473809	High
chr6	45999721	46000047	0.276	0.339	0.16974	High
chr6	50798243	50798553	0.27	0.394	0.17928	High
chr6	61183398	61183718	0.364	0.149	0.186732	High
chr6	61378007	61378865	0.19	0.123	0.05947	High
chr6	64475259	64475572	0.39	0.363	0.29367	High
chr6	71861725	71862045	0.036	0.571	0.021852	High
chr6	72512238	72513022	0.023	0.501	0.012052	High
chr6	73446429	73446753	0.181	-0.002	0.032399	Others
chr6	73711530	73711835	0.498	0.217	0.35607	High
chr6	74158700	74159831	0.344	0.321	0.22876	High
chr6	76727505	76749298	0.161	0.238	0.064239	High
chr6	77210382	77210692	0.23	0.414	0.14812	High
chr6	90527856	90528176	0.168	-0.013	0.02604	Others
chr6	103289575	103315050	-0.337	0.098	0.080543	Others
chr6	104774076	104774388	0.073	0.086	0.011607	High
chr6	106480957	106481272	0.088	0.124	0.018656	High
chr6	106986184	106987325	-0.203	0.035	0.034104	Others
chr6	110974007	110974313	0.183	0.005	0.034404	High
chr6	128668671	128669004	0.215	0.357	0.12298	High
chr6	130638249	130638568	0.038	0.36	0.015124	High
chr6	133665398	133665475	0.246	0.026	0.066912	High
chr6	141004570	141004895	0.46	0.392	0.39192	High
chr6	154365393	154365667	0.229	0.164	0.089997	High
chr6	158455044	158455371	0.173	0.005	0.030794	High
chr6	158927695	158928997	-0.079	-0.063	0.011218	Low
chr6	159665225	159667656	0.169	-0.064	0.017745	Others
chr6	160630066	160635614	-0.294	-0.026	0.09408	Low
chr6	161090607	161090796	0.338	0.028	0.123708	High
chr6	161895466	161895685	0.045	0.229	0.01233	High
chr6	162472472	162472798	0.123	0.128	0.030873	High
chr6	163593898	163594199	0.336	0.09	0.143136	High
chr6	165311177	165318642	0.602	0.234	0.503272	High
chr6	167074584	167076087	0.225	0.003	0.0513	High
chr6	167295547	167295690	0.333	0.169	0.167166	High
chr6	168168575	168168804	-0.521	-0.241	0.397002	Low
chr6	168357383	168357656	0.165	0.199	0.06006	High
chr6	168358004	168358442	0.065	0.125	0.01235	High
chr6	168572186	168572371	0.165	0.105	0.04455	High
chr6	168573049	168573110	0.33	0.042	0.12276	High
chr6	168595044	168595247	-0.209	-0.325	0.111606	Low
chr6	168823056	168823328	0.153	0.234	0.059211	High
chr6	169262992	169263160	0.055	0.159	0.01177	High
chr6	169963840	169963889	0.346	0.551	0.310362	High
chr6	169967250	169967597	0.197	0.207	0.079588	High
chr6	170219854	170219959	0.221	0.015	0.052156	High
chr6	170220119	170220800	0.175	-0.006	0.029575	Others
chr6	170236876	170237145	0.127	0.173	0.0381	High
chr6	170237058	170237489	0.233	0.142	0.087375	High
chr6	170246311	170246653	0.137	0.269	0.055622	High
chr6	170246852	170247091	0.185	0.177	0.06697	High
chr6	170246942	170247078	0.238	0.14	0.089964	High
chr6	170255827	170255895	-0.16	0.021	0.02224	Others
chr6	170264916	170265111	0.123	0.166	0.035547	High
chr6	170266765	170267308	0.114	0.137	0.028614	High
chr6	170267028	170267163	0.243	0.1	0.083349	High
chr7	207083	207220	0.205	-0.049	0.03198	Others
chr7	221231	221419	-0.199	-0.025	0.044576	Low
chr7	411271	411444	0.211	0.168	0.079969	High
chr7	419339	419940	0.054	0.176	0.01242	High
chr7	475594	475815	0.129	0.014	0.018447	High
chr7	933589	933678	0.11	0.08	0.0209	High
chr7	937199	937522	0.1	0.249	0.0349	High
chr7	1039018	1039195	-0.066	-0.114	0.01188	Low
chr7	1127794	1129368	0.152	0.033	0.02812	High
chr7	1145428	1148017	0.823	0.326	0.945627	High
chr7	1273962	1276362	-0.12	-0.071	0.02292	Low
chr7	1496275	1496335	0.284	0.003	0.081508	High
chr7	1763748	1763885	-0.175	-0.147	0.05635	Low
chr7	1827537	1827734	-0.434	-0.423	0.371938	Low
chr7	2377484	2377739	0.175	0.004	0.031325	High
chr7	3962868	3963365	-0.259	-0.454	0.184667	Low
chr7	7502678	7502977	0.086	0.128	0.018404	High
chr7	9595004	9596346	0.066	0.178	0.016104	High
chr7	14188363	14188680	0.389	0.551	0.36566	High
chr7	16132148	16134446	-0.187	0.066	0.022627	Others
chr7	22395181	22397140	-0.206	0.013	0.039758	Others
chr7	23637529	23637654	0.228	0.014	0.055176	High
chr7	24638306	24638628	0.244	0.02	0.064416	High
chr7	25017825	25020233	0.057	0.187	0.013908	High
chr7	26097378	26105874	-0.278	-0.193	0.130938	Low
chr7	29437301	29437610	0.142	0.151	0.041606	High
chr7	29984954	29985408	0.426	0.045	0.200646	High
chr7	32510327	32511246	0.442	0.015	0.201994	High
chr7	36401559	36402332	0.649	0.016	0.431585	High
chr7	44871103	44871176	0.073	0.071	0.010512	High
chr7	46074085	46075925	-0.299	-0.175	0.141726	Low
chr7	47855583	47855908	0.501	0.215	0.358716	High
chr7	52039411	52039727	0.526	0.254	0.41028	High
chr7	52735163	52735461	0.325	0.482	0.262275	High
chr7	55219050	55221367	0.043	0.197	0.01032	High
chr7	55342168	55342412	0.601	0.122	0.434523	High
chr7	55904077	55904440	-0.299	-0.667	0.288834	Low
chr7	56584786	56590821	-0.174	0.1	0.012876	Others
chr7	56820979	56821122	0.293	0.047	0.09962	High
chr7	57297186	57297509	0.374	0.337	0.265914	High
chr7	61127170	61128708	0.119	0.128	0.029393	High
chr7	61156180	61156520	0.052	0.235	0.014924	High
chr7	62276741	62276855	0.378	-0.026	0.133056	Others
chr7	63504351	63504632	-0.349	0.263	0.030014	Others
chr7	66392656	66395116	0.421	0.022	0.186503	High
chr7	71746913	71747969	0.503	0.13	0.318399	High
chr7	77241225	77241478	0.342	0.01	0.120384	High
chr7	83317146	83317463	0.133	0.424	0.074081	High
chr7	90744633	90744839	0.417	0.001	0.174306	High
chr7	93698718	93702968	-0.43	-0.034	0.19952	Low
chr7	100313637	100315028	0.109	0.039	0.016132	High
chr7	100961955	100962260	0.235	0.097	0.07802	High
chr7	105513838	105514232	0.185	0.033	0.04033	High
chr7	112551901	112551998	-0.119	-0.014	0.015827	Low
chr7	127980101	127980418	0.326	0.05	0.122576	High
chr7	134100247	134113575	-0.255	-0.051	0.07803	Low
chr7	139424841	139425205	0.756	0.035	0.597996	High
chr7	139522401	139522715	0.092	0.094	0.017112	High
chr7	141791910	141792097	0.342	0.047	0.133038	High
chr7	150603940	150609353	-0.14	-0.117	0.03598	Low
chr7	151526059	151526418	-0.074	-0.135	0.015466	Low
chr7	152385313	152385643	0.256	0.082	0.086528	High
chr7	152395539	152401116	0.162	0.187	0.056538	High
chr7	152584607	152587219	0.069	0.172	0.016629	High
chr7	152722314	152722629	0.402	0.109	0.205422	High
chr7	154600191	154608042	-0.361	0.082	0.100719	Others
chr7	154661281	154661543	0.122	0.076	0.024156	High
chr7	154662549	154664044	0.258	-0.017	0.062178	Others
chr7	155124083	155124280	0.13	0.168	0.03874	High
chr7	155150205	155150533	0.22	0.422	0.14124	High
chr7	155901874	155902027	0.729	0.192	0.671409	High
chr7	157649870	157649937	0.358	0.014	0.133176	High
chr7	157666941	157667180	-0.175	-0.078	0.044275	Low
chr7	157711159	157711247	0.109	0.094	0.022127	High
chr7	157826198	157826258	0.129	0.38	0.065661	High
chr7	157994552	157994668	0.23	0.197	0.09821	High
chr7	158164353	158164414	-0.242	-0.246	0.118096	Low
chr7	158188216	158188274	0.177	0.139	0.055932	High
chr7	158334643	158335003	-0.123	-0.081	0.025092	Low
chr7	158341227	158341500	0.087	0.085	0.014964	High
chr7	158453159	158453462	0.066	0.095	0.010626	High
chr7	158485437	158485552	0.459	0.106	0.259335	High
chr7	158803880	158804019	0.422	0.055	0.201294	High
chr7	159087195	159087521	0.084	0.129	0.017892	High
chr7	159090253	159090521	0.195	0.318	0.100035	High
chr8	882337	882440	0.051	0.196	0.012597	High
chr8	1236579	1238133	0.136	0.051	0.025432	High
chr8	1691791	1692084	0.361	0.276	0.229957	High
chr8	4265362	4267425	0.147	0.105	0.037044	High
chr8	4364527	4364866	0.442	0.28	0.319124	High
chr8	5122735	5122894	0.282	0.144	0.120132	High
chr8	5123118	5123469	0.515	0.062	0.297155	High
chr8	5890654	5890982	0.077	0.369	0.034342	High
chr8	6372480	6372967	0.233	0.274	0.118131	High
chr8	7134140	7137879	-0.186	-0.267	0.084258	Low
chr8	7194443	7202957	-0.388	-0.107	0.19206	Low
chr8	8528520	8529433	0.299	0.038	0.100763	High
chr8	11388049	11389697	-0.061	-0.115	0.010736	Low
chr8	11917148	11917226	0.351	0.237	0.206388	High
chr8	13312063	13312382	0.314	0.691	0.31557	High
chr8	18001988	18002912	0.278	0.008	0.079508	High
chr8	25114917	25133427	0.081	0.304	0.031185	High
chr8	40917103	40922258	-0.438	0.003	0.19053	Others
chr8	41626350	41626453	-0.158	-0.114	0.042976	Low
chr8	42520414	42522788	0.329	-0.002	0.107583	Others
chr8	42717087	42717407	0.084	0.104	0.015792	High
chr8	42730750	42731094	0.264	0.106	0.09768	High
chr8	53292322	53292637	0.259	0.312	0.147889	High
chr8	55488642	55488957	0.332	0.393	0.2407	High
chr8	62017584	62017895	0.272	0.337	0.165648	High
chr8	67815085	67815416	0.625	0.215	0.525	High
chr8	70671320	70672407	0.252	0.324	0.145152	High
chr8	71639170	71639503	0.435	0.261	0.30276	High
chr8	76425146	76426190	0.353	0.263	0.217448	High
chr8	85043420	85043753	0.292	0.236	0.154176	High
chr8	85747538	85753710	-0.185	-0.108	0.054205	Low
chr8	85768452	85773807	0.069	0.081	0.01035	High
chr8	85778099	85781183	-0.215	-0.161	0.08084	Low
chr8	85795920	85801275	-0.203	0.067	0.027608	Others
chr8	94340903	94340985	0.399	0.092	0.195909	High
chr8	97187914	97188235	0.14	0.265	0.0567	High
chr8	98452912	98453239	0.334	-0.127	0.069138	Others
chr8	105658290	105658609	0.12	0.396	0.06192	High
chr8	105691220	105691545	0.225	0.204	0.096525	High
chr8	107107987	107108308	0.047	0.225	0.012784	High
chr8	117211290	117211569	0.077	0.213	0.02233	High
chr8	118434805	118435115	0.42	0.188	0.25536	High
chr8	120521863	120522159	0.222	0.004	0.050172	High
chr8	120669432	120669750	0.36	0.088	0.16128	High
chr8	122036167	122036496	-0.498	0.079	0.208662	Others
chr8	125324555	125324871	0.581	0.021	0.349762	High
chr8	131265406	131268286	-0.451	0.127	0.146124	Others
chr8	134464736	134465792	0.491	0.018	0.249919	High
chr8	137187919	137188163	0.195	0.628	0.160485	High
chr8	141437040	141437298	0.392	0.124	0.202272	High
chr8	141970978	141971156	-0.315	0.109	0.06489	Others
chr8	142283846	142284126	0.611	0.066	0.413647	High
chr8	142300959	142301044	-0.708	-0.583	0.914028	Low
chr8	142390616	142390739	0.236	0.034	0.06372	High
chr8	142975225	142975594	0.358	0.138	0.177568	High
chr8	143014550	143014831	0.433	0.13	0.243779	High
chr9	6659780	6659915	0.185	0.072	0.047545	High
chr9	6888773	6889086	0.543	0.098	0.348063	High
chr9	10828091	10828425	0.334	0.384	0.239812	High
chr9	12556833	12559645	-0.337	-0.159	0.167152	Low
chr9	18751828	18752117	0.547	0.295	0.460574	High
chr9	26512929	26513243	0.278	0.243	0.144838	High
chr9	30345778	30346095	0.178	0.522	0.1246	High
chr9	36423657	36423972	0.13	0.08	0.0273	High
chr9	38325106	38325231	0.259	0.041	0.0777	High
chr9	39831149	39832045	0.112	-0.014	0.010976	Others
chr9	40300686	40304582	-0.209	0.09	0.024871	Others
chr9	40561933	40566035	0.12	0.099	0.02628	High
chr9	40843513	40846406	-0.139	-0.056	0.027105	Low
chr9	40902057	40902567	-0.06	-0.158	0.01308	Low
chr9	40923187	40924333	0.391	0.044	0.170085	High
chr9	41556349	41556665	0.396	0.42	0.323136	High
chr9	42402280	42402616	0.134	0.165	0.040066	High
chr9	43177858	43178192	-0.075	-0.061	0.0102	Low
chr9	43199918	43200275	0.2	0.129	0.0658	High
chr9	62876633	62877496	0.11	0.035	0.01595	High
chr9	63827003	63828076	0.461	-0.083	0.174258	Others
chr9	65071427	65075509	0.291	0.035	0.094866	High
chr9	66071695	66075591	-0.225	-0.009	0.05265	Low
chr9	67798722	67799032	0.727	0.258	0.716095	High
chr9	69123204	69128437	0.204	0.87	0.219096	High
chr9	74909234	74909420	0.233	0.271	0.117432	High
chr9	76304876	76306737	0.31	0.038	0.10788	High
chr9	80230255	80230581	0.512	0.319	0.425472	High
chr9	82418930	82419271	0.353	0.576	0.327937	High
chr9	87652072	87652269	0.205	-0.103	0.02091	Others
chr9	91121080	91121401	0.425	0.169	0.25245	High
chr9	92831126	92831264	0.475	0.032	0.240825	High
chr9	93708072	93709181	-0.11	-0.074	0.02024	Low
chr9	93968063	93968314	0.096	0.172	0.025728	High
chr9	94530624	94530948	0.393	0.049	0.173706	High
chr9	101807412	101808199	-0.19	0.051	0.02641	Others
chr9	104638692	104639005	0.104	0.6	0.073216	High
chr9	104833906	104834821	0.235	0.065	0.0705	High
chr9	111640884	111641352	0.414	-0.012	0.166428	Others
chr9	120494746	120497451	0.165	0.003	0.02772	High
chr9	128668239	128668322	0.109	-0.001	0.011772	Others
chr9	131586495	131586888	0.041	0.349	0.01599	High
chr9	131586971	131587220	0.102	0.216	0.032436	High
chr9	134464739	134464909	0.171	0.289	0.07866	High
chr9	134792840	134792909	0.331	0.096	0.141337	High
chr9	134849329	134849710	0.222	0.101	0.071706	High
chr9	135397855	135398010	0.345	0.158	0.173535	High
chr9	135981630	135981829	-0.618	-0.367	0.60873	Low
chr9	136431229	136431477	0.451	0.02	0.212421	High
chr9	136769362	136769647	-0.284	-0.164	0.127232	Low
chr9	137451105	137451394	-0.527	-0.276	0.423181	Low
chr9	137841316	137841821	0.452	0.059	0.230972	High
chr9	137888930	137890827	0.071	0.121	0.013632	High
chr9	138125044	138139225	0.164	-0.054	0.01804	Others
chr9	138163028	138164026	0.179	0.182	0.064619	High
chr9	138192914	138196915	-0.116	0.009	0.012412	Others
chr10	723260	723493	0.25	0.018	0.067	High
chr10	736064	736719	0.153	0.227	0.05814	High
chr10	736930	738233	0.089	0.086	0.015575	High
chr10	757385	757558	-0.082	-0.192	0.022468	Low
chr10	777285	777432	-0.095	-0.077	0.01634	Low
chr10	779660	779853	0.163	0.205	0.059984	High
chr10	780363	780639	0.33	-0.094	0.07788	Others
chr10	783833	784503	0.4	0.02	0.168	High
chr10	793870	794189	0.068	0.096	0.011152	High
chr10	1038690	1038815	0.27	0.069	0.09153	High
chr10	2522809	2522898	0.141	-0.06	0.011421	Others
chr10	4247870	4249489	-0.322	0.053	0.086618	Others
chr10	6210002	6210956	0.327	0.079	0.132762	High
chr10	7035078	7036336	-0.686	-0.217	0.619458	Low
chr10	7953865	7954950	0.4	0.2	0.24	High
chr10	10451446	10451768	0.271	0.417	0.186448	High
chr10	13216008	13216319	0.186	0.001	0.034782	High
chr10	14912807	14912980	0.274	-0.001	0.074802	Others
chr10	15429073	15429392	0.377	0.402	0.293683	High
chr10	15490465	15490774	0.368	0.234	0.221536	High
chr10	19108379	19108715	0.146	0.411	0.081322	High
chr10	31968952	31971683	0.222	0.07	0.064824	High
chr10	33203712	33204000	0.216	0.272	0.105408	High
chr10	36122939	36123257	0.228	0.359	0.133836	High
chr10	39340805	39359898	-0.27	0.207	0.01701	Others
chr10	42103898	42104015	0.275	-0.06	0.059125	Others
chr10	44662705	44663053	-0.413	-0.134	0.225911	Low
chr10	59882163	59882287	0.079	0.618	0.055063	High
chr10	61983855	61984032	0.167	0.215	0.063794	High
chr10	68874568	68874679	0.076	0.068	0.010944	High
chr10	69026573	69027555	-0.582	-0.591	0.682686	Low
chr10	70687100	70687178	0.082	0.108	0.01558	High
chr10	70687611	70687836	0.478	0.029	0.242346	High
chr10	70688979	70691577	-0.044	-0.311	0.01562	Low
chr10	76586831	76591818	-0.103	-0.156	0.026677	Low
chr10	76819184	76819311	-0.123	0.014	0.013407	Others
chr10	79714291	79745438	0.387	-0.013	0.144738	Others
chr10	79936080	79936234	0.127	0.098	0.028575	High
chr10	82641000	82641148	0.402	0.371	0.310746	High
chr10	83866466	83866671	0.091	0.351	0.040222	High
chr10	102885490	102885828	0.133	0.103	0.031388	High
chr10	103293407	103294434	-0.222	-0.004	0.050172	Low
chr10	103337765	103338078	0.375	0.003	0.14175	High
chr10	119722321	119722418	0.211	0.013	0.047264	High
chr10	121729665	121729978	0.158	0.16	0.050244	High
chr10	127767038	127767343	0.206	0.644	0.1751	High
chr10	130759068	130760307	-0.543	-0.473	0.551688	Low
chr10	131060208	131060556	0.325	0.259	0.1898	High
chr10	131190440	131190974	-0.541	-0.486	0.555607	Low
chr10	131592430	131597129	-0.207	-0.347	0.114678	Low
chr10	131596452	131601141	-0.411	0.112	0.122889	Others
chr10	131939160	131939256	0.206	0.019	0.04635	High
chr10	132047646	132047698	0.267	0.205	0.126024	High
chr10	132254445	132254549	0.206	0.136	0.070452	High
chr10	132254550	132254759	0.346	0.133	0.165734	High
chr10	132362632	132363106	-0.307	-0.097	0.124028	Low
chr10	132772418	132772626	0.205	0.004	0.042845	High
chr10	132792563	132792669	0.091	0.151	0.022022	High
chr10	132799302	132799401	0.295	0.115	0.12095	High
chr10	132914022	132914450	0.245	0.004	0.061005	High
chr10	132914455	132914586	-0.115	-0.062	0.020355	Low
chr10	133017539	133017592	0.075	0.109	0.0138	High
chr10	133078514	133078675	0.157	0.024	0.028417	High
chr10	133113058	133113143	0.266	0.002	0.071288	High
chr10	133369344	133369443	0.391	0.082	0.184943	High
chr10	133477237	133480020	-0.192	-0.201	0.075456	Low
chr10	133479047	133480598	-0.142	0.017	0.01775	Others
chr10	133480220	133480899	-0.12	0.029	0.01092	Others
chr10	133480859	133481097	0.213	0.064	0.059001	High
chr10	133761326	133761845	-0.123	-0.156	0.034317	Low
chr11	442403	442465	-0.471	-0.089	0.26376	Low
chr11	677316	677769	0.115	0.003	0.01357	High
chr11	1079278	1079509	0.098	0.077	0.01715	High
chr11	1079650	1080271	0.084	0.053	0.011508	High
chr11	1080134	1080359	0.159	0.07	0.036411	High
chr11	1080615	1081252	-0.109	-0.139	0.027032	Low
chr11	1255550	1255785	-0.257	-0.13	0.099459	Low
chr11	1294786	1294973	0.109	0.011	0.01308	High
chr11	1431767	1431911	0.226	0	0.051076	Others
chr11	1804125	1804256	0.328	0.183	0.167608	High
chr11	8304510	8304647	0.066	0.427	0.032538	High
chr11	8978635	8978722	0.156	0.004	0.02496	High
chr11	9773026	9773351	0.261	0.143	0.105444	High
chr11	11854051	11855010	0.205	-0.11	0.019475	Others
chr11	17188205	17189667	0.508	-0.028	0.24384	Others
chr11	18916337	18917533	0.114	0.219	0.037962	High
chr11	18948644	18948810	-0.188	-0.156	0.064672	Low
chr11	20548856	20548944	0.345	-0.094	0.086595	Others
chr11	22986227	22986409	0.277	0.03	0.085039	High
chr11	24421610	24430740	-0.291	-0.256	0.159177	Low
chr11	32265094	32265426	0.06	0.217	0.01662	High
chr11	36144853	36145106	0.222	0.074	0.065712	High
chr11	43888043	43888348	0.367	0.001	0.135056	High
chr11	45111212	45111404	0.478	0.418	0.428288	High
chr11	47866115	47866640	0.29	0.268	0.16182	High
chr11	54536643	54538684	0.227	-0.012	0.048805	Others
chr11	58399508	58400675	-0.73	-0.738	1.07164	Low
chr11	60622559	60622763	0.101	0.054	0.015655	High
chr11	60815385	60815561	0.045	0.825	0.03915	High
chr11	65874636	65876047	0.472	0.253	0.3422	High
chr11	74434012	74434358	0.197	-0.016	0.035657	Others
chr11	74821359	74821677	0.352	0.351	0.247456	High
chr11	93136638	93142736	0.217	0.061	0.060326	High
chr11	93287971	93288990	-0.16	-0.305	0.0744	Low
chr11	96743759	96744085	0.069	0.413	0.033258	High
chr11	98393872	98395555	-0.248	-0.017	0.06572	Low
chr11	98395578	98395921	0.07	0.149	0.01533	High
chr11	98396783	98398257	-0.19	0.036	0.02926	Others
chr11	102601115	102601430	0.401	0.203	0.242204	High
chr11	104139745	104140088	0.242	0.425	0.161414	High
chr11	106725142	106725437	0.306	0.436	0.227052	High
chr11	114961062	114961131	0.546	0.389	0.51051	High
chr11	119848804	119849091	0.071	0.106	0.012567	High
chr11	125183189	125183478	0.312	0.418	0.22776	High
chr11	127879646	127881688	-0.217	-0.235	0.098084	Low
chr11	133140995	133141047	0.049	0.239	0.014112	High
chr11	134664342	134664428	0.287	0.395	0.195734	High
chr11	134735311	134735958	0.339	0.724	0.360357	High
chr11	135041154	135041295	0.175	0.068	0.042525	High
chr11	135041447	135041721	0.298	-0.086	0.063176	Others
chr11	135042234	135042683	0.541	0.092	0.342453	High
chr12	183062	188798	-0.209	-0.196	0.084645	Low
chr12	1085222	1090844	0.081	0.143	0.018144	High
chr12	1293071	1293555	0.348	0.228	0.200448	High
chr12	2105712	2105816	0.197	0.053	0.04925	High
chr12	2407372	2407680	0.165	0.147	0.05148	High
chr12	4973179	4973957	-0.429	-0.611	0.44616	Low
chr12	6132272	6139189	-0.212	-0.16	0.078864	Low
chr12	7199806	7199899	0.175	0.328	0.088025	High
chr12	7670047	7671724	-0.134	-0.085	0.029346	Low
chr12	7816066	7816402	0.539	0.131	0.36113	High
chr12	8387625	8394605	-0.446	-0.511	0.426822	Low
chr12	8625588	8625763	0.104	0.132	0.024544	High
chr12	12378544	12380143	-0.149	-0.161	0.04619	Low
chr12	12864700	12865013	0.123	0.905	0.126444	High
chr12	16267189	16268347	-0.313	-0.294	0.189991	Low
chr12	29420474	29420814	0.288	0.087	0.108	High
chr12	31122794	31122951	0.237	0.377	0.145518	High
chr12	32810665	32810979	0.498	0.36	0.427284	High
chr12	34364086	34364457	-0.115	-0.066	0.020815	Low
chr12	34384598	34387010	-0.187	-0.279	0.087142	Low
chr12	34797155	34797492	0.1	0.158	0.0258	High
chr12	34802845	34803524	-0.273	-0.359	0.172536	Low
chr12	34807167	34807505	-0.178	-0.173	0.062478	Low
chr12	37238001	37238678	0.386	0.19	0.222336	High
chr12	39613087	39613413	0.134	0.077	0.028274	High
chr12	45509370	45516155	-0.21	-0.123	0.06993	Low
chr12	49315392	49316740	0.278	0.582	0.23908	High
chr12	58328124	58336612	0.299	-0.049	0.07475	Others
chr12	59548539	59550113	-0.429	-0.08	0.218361	Low
chr12	60128058	60131253	0.337	0.424	0.256457	High
chr12	64667146	64669484	-0.286	-0.222	0.145288	Low
chr12	84878780	84879841	-0.074	-0.208	0.020868	Low
chr12	90093399	90097916	-0.118	-0.122	0.02832	Low
chr12	94275556	94275878	0.391	0.373	0.298724	High
chr12	95946567	95949175	0.159	0.157	0.050244	High
chr12	105379736	105380059	0.148	0.065	0.031524	High
chr12	113245306	113245624	0.402	0.272	0.270948	High
chr12	114063975	114064118	0.239	0.53	0.183791	High
chr12	120963881	120964169	0.154	0.149	0.046662	High
chr12	121993972	121994021	0.181	0.356	0.097197	High
chr12	122124331	122124413	0.279	0.415	0.193626	High
chr12	125204231	125204693	-0.185	-0.451	0.11766	Low
chr12	126420555	126420868	0.234	0.273	0.118638	High
chr12	126583990	126584318	0.343	0.161	0.172872	High
chr12	126715402	126715740	0.324	0.402	0.235224	High
chr12	127018079	127018306	0.162	0.292	0.073548	High
chr12	128447697	128447995	0.136	0.197	0.045288	High
chr12	129356143	129356455	0.229	0.117	0.079234	High
chr12	129858720	129858789	0.065	0.218	0.018395	High
chr12	130887424	130887585	0.186	0.383	0.105834	High
chr12	131366850	131367227	0.187	0.318	0.094435	High
chr12	131433069	131433942	0.202	0.152	0.071508	High
chr12	131579865	131580822	0.362	0.283	0.23349	High
chr12	131647606	131648541	0.431	0.241	0.289632	High
chr12	131649717	131650179	-0.253	-0.108	0.091333	Low
chr12	131650645	131651848	-0.187	-0.3	0.091069	Low
chr12	131686579	131686686	-0.169	-0.165	0.056446	Low
chr12	132134931	132135949	0.099	0.032	0.012969	High
chr12	132149006	132150276	0.215	0.184	0.085785	High
chr12	132231306	132232022	0.115	0.055	0.01955	High
chr12	132359174	132359356	0.19	0.128	0.06042	High
chr12	132365714	132366067	0.238	0.17	0.097104	High
chr12	132383400	132384075	-0.205	-0.178	0.078515	Low
chr12	132817249	132817346	0.244	0.596	0.20496	High
chr13	19173946	19174717	-0.347	-0.347	0.240818	Low
chr13	24136815	24137128	0.359	0.19	0.197091	High
chr13	29148457	29148776	0.351	0.351	0.246402	High
chr13	29317425	29317735	0.386	0.444	0.32038	High
chr13	29641686	29647706	-0.287	-0.246	0.152971	Low
chr13	30270029	30270253	0.561	0.027	0.329868	High
chr13	39454332	39454653	0.185	0.039	0.04144	High
chr13	40696975	40697286	-0.205	-0.204	0.083845	Low
chr13	45314497	45314788	0.136	0.13	0.036176	High
chr13	46466711	46467775	-0.142	-0.163	0.04331	Low
chr13	46651882	46652070	0.376	0.323	0.262824	High
chr13	48959377	48962472	-0.325	-0.353	0.22035	Low
chr13	48960647	48962484	-0.508	-0.451	0.487172	Low
chr13	50977798	50978126	0.214	0.061	0.05885	High
chr13	58470629	58470944	0.336	0.313	0.218064	High
chr13	60212027	60212353	0.159	0.147	0.048654	High
chr13	69462259	69462584	0.218	0.34	0.121644	High
chr13	71903126	71906437	-0.142	-0.227	0.052398	Low
chr13	76065137	76065463	0.215	0.192	0.087505	High
chr13	82315059	82315401	0.2	0.493	0.1386	High
chr13	82591799	82598069	-0.116	-0.037	0.017748	Low
chr13	89769113	89769265	0.08	0.063	0.01144	High
chr13	98971448	98971582	0.134	0.096	0.03082	High
chr13	101254592	101254910	0.595	0.541	0.67592	High
chr13	104653981	104654708	-0.371	-0.516	0.329077	Low
chr13	110313511	110313816	0.123	0.125	0.030504	High
chr13	110385435	110385554	0.288	0.27	0.160704	High
chr13	110408868	110409010	0.173	0.327	0.0865	High
chr13	110457026	110457150	0.15	0.095	0.03675	High
chr13	111340358	111341346	0.199	0.204	0.080197	High
chr13	111402097	111402194	0.141	0.157	0.042018	High
chr13	112036988	112037094	0.168	0.109	0.046536	High
chr13	113025493	113026185	-0.359	-0.261	0.22258	Low
chr13	113068726	113068857	0.235	0.197	0.10152	High
chr13	113215750	113215836	0.158	0.106	0.041712	High
chr13	113347245	113347778	-0.143	-0.1	0.034749	Low
chr13	113514427	113514644	-0.128	-0.162	0.03712	Low
chr13	113541859	113542143	0.589	0.477	0.627874	High
chr13	113725259	113725573	-0.318	-0.213	0.168858	Low
chr13	113812919	113812972	0.338	0.347	0.23153	High
chr13	113815990	113816065	-0.114	-0.125	0.027246	Low
chr13	113830487	113830636	0.072	0.132	0.014688	High
chr13	113898863	113899726	0.157	0.179	0.052752	High
chr13	113940909	113940997	-0.172	-0.158	0.05676	Low
chr13	114019870	114020069	-0.171	-0.048	0.037449	Low
chr13	114029241	114029460	-0.096	-0.109	0.01968	Low
chr13	114086939	114087046	0.426	0.485	0.388086	High
chr13	114120137	114120597	-0.358	-0.374	0.262056	Low
chr13	114147538	114147681	0.289	0.284	0.165597	High
chr14	18236465	18237657	-0.078	-0.062	0.01092	Low
chr14	18264283	18267016	0.162	0.165	0.052974	High
chr14	18901837	18902123	0.242	0.202	0.107448	High
chr14	19008404	19008700	-0.084	-0.149	0.019572	Low
chr14	19241125	19241287	-0.29	-0.355	0.18705	Low
chr14	19267339	19267501	0.314	0.327	0.201274	High
chr14	19391119	19392262	0.049	0.205	0.012446	High
chr14	19907852	19911318	-0.17	-0.257	0.07259	Low
chr14	20212645	20213125	0.106	-0.006	0.0106	Others
chr14	20506346	20506846	0.891	0.349	1.10484	High
chr14	21067972	21068297	-0.228	0.007	0.050388	Others
chr14	22449110	22513961	-0.374	-0.267	0.239734	Low
chr14	25536590	25536840	0.197	0.342	0.106183	High
chr14	32922770	32923101	-0.206	-0.167	0.076838	Low
chr14	33853955	33854258	-0.215	0.112	0.022145	Others
chr14	34044819	34045626	0.128	0.222	0.0448	High
chr14	34205306	34205682	0.028	0.392	0.01176	High
chr14	37776030	37776245	0.076	0.235	0.023636	High
chr14	51134686	51134988	0.28	0.254	0.14952	High
chr14	56564495	56564847	0.14	0.146	0.04004	High
chr14	63257033	63258188	-0.378	-0.384	0.288036	Low
chr14	64037667	64037748	0.252	0.363	0.15498	High
chr14	65060426	65060709	0.119	0.015	0.015946	High
chr14	65611184	65611245	0.306	0.317	0.190638	High
chr14	66545477	66545574	0.15	0.144	0.0441	High
chr14	70223335	70223522	0.175	0.164	0.059325	High
chr14	77783509	77783846	0.43	0.747	0.50611	High
chr14	79639945	79648705	-0.119	-0.143	0.031178	Low
chr14	79845688	79845777	0.112	0.089	0.022512	High
chr14	84830764	84835810	-0.245	0.026	0.053655	Others
chr14	87672776	87674789	-0.334	0.157	0.059118	Others
chr14	87698363	87698763	-0.417	-0.469	0.369462	Low
chr14	98317643	98318749	-0.635	-0.388	0.649605	Low
chr14	100378660	100378992	0.885	0.337	1.08147	High
chr14	101230019	101230140	0.136	0.23	0.049776	High
chr14	101524529	101524864	0.09	0.079	0.01521	High
chr14	104430044	104430150	0.122	0.189	0.037942	High
chr14	104884741	104884792	-0.265	-0.282	0.144955	Low
chr14	104906181	104906309	0.423	0.133	0.235188	High
chr14	104906558	104906949	0.089	0.076	0.014685	High
chr14	105039960	105040707	0.552	0.57	0.619344	High
chr15	17028161	17029528	-0.101	-0.3	0.040501	Low
chr15	17160241	17164506	0.08	0.105	0.0148	High
chr15	17364107	17368544	-0.156	-0.132	0.044928	Low
chr15	19816857	19818826	0.305	0.249	0.16897	High
chr15	19922807	19923396	0.454	0.415	0.394526	High
chr15	23279830	23280813	-0.379	-0.322	0.265679	Low
chr15	23961910	23962218	0.232	0.334	0.131312	High
chr15	24104720	24104927	0.228	0.252	0.10944	High
chr15	34449538	34449817	0.067	0.186	0.016951	High
chr15	34454773	34455098	-0.107	-0.097	0.021828	Low
chr15	35867929	35870013	-0.385	-0.172	0.214445	Low
chr15	51293986	51294257	0.178	0.444	0.110716	High
chr15	53907728	53910967	-0.481	-0.489	0.46657	Low
chr15	60367475	60367600	0.098	0.255	0.034594	High
chr15	62332165	62332595	0.222	0.37	0.131424	High
chr15	65326077	65326472	-0.698	-0.465	0.811774	Low
chr15	67112335	67113265	0.121	0.167	0.034848	High
chr15	68757228	68757556	0.46	0.245	0.3243	High
chr15	70479617	70479765	0.535	0.334	0.464915	High
chr15	71593136	71593473	-0.128	-0.123	0.032128	Low
chr15	72101021	72101245	0.307	0.442	0.229943	High
chr15	79599501	79599821	0.386	0.166	0.213072	High
chr15	82997738	82997867	0.386	0.316	0.270972	High
chr15	85853432	85853972	-0.16	-0.158	0.05088	Low
chr15	90630742	90631074	0.114	0.162	0.031464	High
chr15	90858866	90859185	0.178	0.257	0.07743	High
chr15	93353860	93354221	0.447	0.291	0.329886	High
chr15	98162860	98163187	0.409	0.506	0.374235	High
chr15	98299095	98300571	-0.109	-0.22	0.035861	Low
chr15	98522576	98522782	0.411	0.034	0.182895	High
chr15	100070001	100071567	-0.469	-0.394	0.404747	Low
chr15	100102309	100102476	-0.283	-0.275	0.157914	Low
chr15	100912862	100913170	0.098	0.171	0.026362	High
chr15	101752667	101752763	0.271	0.183	0.123034	High
chr16	186034	186679	-0.075	-0.104	0.013425	Low
chr16	186275	187104	0.129	0.243	0.047988	High
chr16	746242	746547	-0.193	-0.183	0.072568	Low
chr16	953348	953787	-0.268	-0.187	0.12194	Low
chr16	1450687	1450924	0.067	0.646	0.047771	High
chr16	1459685	1459964	-0.202	-0.207	0.082618	Low
chr16	1737989	1738502	0.21	0.197	0.08547	High
chr16	2650190	2650475	0.295	0.236	0.156645	High
chr16	11908462	11908786	0.118	0.107	0.02655	High
chr16	21402371	21402457	-0.847	-0.444	1.09348	Low
chr16	21418041	21418222	0.525	0.721	0.65415	High
chr16	22535269	22535520	0.545	0.664	0.658905	High
chr16	23036462	23038209	-0.236	-0.148	0.090624	Low
chr16	23749065	23750941	0.234	0.445	0.158886	High
chr16	25328788	25331805	-0.27	-0.579	0.22923	Low
chr16	25612233	25612539	0.359	0.393	0.269968	High
chr16	26372078	26372410	0.274	0.117	0.107134	High
chr16	29381749	29381874	-0.833	-0.36	0.993769	Low
chr16	29381976	29382101	0.24	0.092	0.07968	High
chr16	30170153	30170279	0.398	-0.009	0.154822	Others
chr16	31104662	31105189	0.441	0.513	0.420714	High
chr16	33058960	33059115	-0.153	-0.19	0.052479	Low
chr16	34185916	34187626	-0.129	-0.278	0.052503	Low
chr16	36101776	36101835	0.177	-0.037	0.02478	Others
chr16	36101940	36102359	-0.094	-0.07	0.015416	Low
chr16	36313884	36314689	0.13	0.108	0.03094	High
chr16	36316152	36316493	-0.097	-0.082	0.017363	Low
chr16	36325123	36326144	0.221	0.172	0.086853	High
chr16	37877318	37877657	-0.199	-0.15	0.069451	Low
chr16	37879755	37880093	-0.587	-0.599	0.696182	Low
chr16	48782956	48783273	0.119	0.258	0.044863	High
chr16	52378459	52380930	-0.287	-0.19	0.136899	Low
chr16	58710716	58710801	0.323	0.461	0.253232	High
chr16	59998178	59998491	0.176	0.295	0.082896	High
chr16	69325359	69325426	0.382	0.017	0.152418	High
chr16	70519106	70519425	0.515	0.666	0.608215	High
chr16	76505236	76510126	-0.483	-0.419	0.435666	Low
chr16	78321306	78321371	0.119	0.078	0.023443	High
chr16	78337741	78351000	0.091	0.07	0.014651	High
chr16	81978457	81978780	0.15	0.514	0.0996	High
chr16	88206846	88206945	0.13	0.145	0.03575	High
chr16	88206895	88207425	0.233	0.215	0.104384	High
chr16	88237168	88237601	0.126	-0.011	0.01449	Others
chr16	88547324	88547607	-0.787	-0.635	1.11911	Low
chr16	88796243	88797187	-0.13	-0.196	0.04238	Low
chr16	89083832	89084092	0.32	0.394	0.22848	High
chr16	90003525	90003744	0.13	0.186	0.04108	High
chr16	90052466	90052570	0.853	0.791	1.40233	High
chr17	255015	255885	0.225	0.009	0.05265	High
chr17	256663	256809	0.206	0.132	0.069628	High
chr17	273144	273423	0.077	0.272	0.026873	High
chr17	367445	367776	0.348	0.321	0.232812	High
chr17	948951	949121	0.165	0.618	0.129195	High
chr17	1243000	1244344	0.159	0.094	0.040227	High
chr17	2447502	2447629	0.074	0.179	0.018722	High
chr17	2491652	2491987	0.896	0.381	1.14419	High
chr17	4132660	4132793	0.463	0.199	0.306506	High
chr17	4933822	4933899	0.969	0.364	1.29168	High
chr17	6944083	6944818	0.149	0.047	0.029204	High
chr17	7361232	7362642	-0.097	-0.086	0.017751	Low
chr17	8885594	8885773	-0.253	-0.277	0.13409	Low
chr17	12449816	12455936	-0.094	-0.103	0.018518	Low
chr17	17327060	17327935	0.086	0.124	0.01806	High
chr17	17442329	17442454	0.94	0.154	1.02836	High
chr17	19640104	19640411	0.148	0.229	0.055796	High
chr17	21309594	21317869	-0.129	-0.18	0.039861	Low
chr17	21843868	21844115	0.243	0.042	0.069255	High
chr17	21846235	21847320	-0.212	-0.174	0.081832	Low
chr17	22405775	22407470	0.16	0.291	0.07216	High
chr17	26619495	26621872	-0.39	-0.393	0.30537	Low
chr17	26638508	26638626	0.355	0.338	0.246015	High
chr17	26773770	26774004	0.127	0.004	0.016637	High
chr17	26775263	26775485	-0.125	-0.097	0.02775	Low
chr17	26847342	26848055	-0.197	0.064	0.026201	Others
chr17	28453367	28456472	0.7	0.063	0.5341	High
chr17	30665885	30666612	0.281	0.478	0.213279	High
chr17	31779605	31780523	-0.21	0.134	0.01596	Others
chr17	41265460	41275764	-0.316	0.015	0.095116	Others
chr17	43266286	43277638	0.38	0.184	0.21432	High
chr17	43298291	43299868	0.552	0.005	0.307464	High
chr17	43439584	43440871	-0.157	-0.079	0.037052	Low
chr17	44984357	44984491	0.178	0.047	0.04005	High
chr17	44984909	44984962	0.063	0.097	0.01008	High
chr17	50350142	50350525	0.453	0.464	0.415401	High
chr17	57610448	57612552	0.119	0.005	0.014756	High
chr17	59067737	59067850	-0.33	-0.356	0.22638	Low
chr17	59792854	59793822	0.527	0.245	0.406844	High
chr17	65275935	65276253	0.409	0.119	0.215952	High
chr17	68964785	68965117	0.466	-0.004	0.215292	Others
chr17	75044187	75044503	0.119	0.239	0.042602	High
chr17	77239866	77240207	0.104	0.339	0.046072	High
chr17	77776635	77776712	0.269	0.205	0.127506	High
chr17	77832311	77832495	-0.219	-0.11	0.072051	Low
chr17	77992201	77992515	0.223	0.05	0.060879	High
chr17	79512767	79512816	0.24	0.163	0.09672	High
chr17	80121288	80121746	-0.164	-0.169	0.054612	Low
chr17	80355343	80355711	0.153	0.067	0.03366	High
chr17	81209713	81209992	0.161	0.014	0.028175	High
chr17	81610654	81610976	0.232	0.127	0.083288	High
chr17	81643325	81643639	0.181	0.353	0.096654	High
chr17	82614183	82614254	0.139	0.452	0.082149	High
chr17	82708930	82709455	0.653	0.225	0.573334	High
chr17	83004336	83004449	0.11	0.19	0.033	High
chr17	83066716	83066800	0.205	0.081	0.05863	High
chr17	83068228	83068363	0.281	0.619	0.2529	High
chr17	83102017	83103106	-0.253	-0.219	0.119416	Low
chr17	83215943	83216271	0.157	0.001	0.024806	High
chr17	83217455	83217830	0.571	0.724	0.739445	High
chr18	5324644	5326242	-0.112	-0.131	0.027216	Low
chr18	6272749	6273215	0.089	0.063	0.013528	High
chr18	9385393	9385716	0.136	0.121	0.034952	High
chr18	9621931	9622236	0.292	0.287	0.169068	High
chr18	10222281	10223606	-0.202	-0.101	0.061206	Low
chr18	10607526	10607613	0.305	0.09	0.120475	High
chr18	11014986	11015155	0.423	0.205	0.265644	High
chr18	11509706	11511474	0.174	0.199	0.064902	High
chr18	12980714	12980840	0.405	0.631	0.41958	High
chr18	14450642	14460492	-0.225	-0.183	0.0918	Low
chr18	14549338	14550487	-0.162	-0.409	0.092502	Low
chr18	14860095	14860348	0.354	0.315	0.236826	High
chr18	15388428	15389962	-0.063	-0.179	0.015246	Low
chr18	15827998	15828672	0.216	0.259	0.1026	High
chr18	20617865	20620924	-0.103	-0.146	0.025647	Low
chr18	20644037	20644887	-0.254	-0.177	0.109474	Low
chr18	20681042	20682742	0.18	0.175	0.0639	High
chr18	20706928	20708803	-0.091	-0.102	0.017563	Low
chr18	20718654	20719504	0.162	0.107	0.043578	High
chr18	20720393	20720733	0.119	0.186	0.036295	High
chr18	20724171	20724679	0.083	0.039	0.010126	High
chr18	20732408	20733938	-0.084	-0.122	0.017304	Low
chr18	20736024	20736972	0.174	0.169	0.059682	High
chr18	20772121	20773141	-0.142	-0.135	0.039334	Low
chr18	20775864	20776883	-0.131	0.013	0.015458	Others
chr18	20917798	20917963	0.341	0.375	0.244156	High
chr18	26466001	26466079	0.245	0.436	0.166845	High
chr18	28247911	28248244	0.333	0.477	0.26973	High
chr18	30292604	30292932	0.297	0.025	0.095634	High
chr18	37735658	37735975	0.59	0.186	0.45784	High
chr18	44396742	44402107	-0.516	-0.557	0.553668	Low
chr18	46170713	46171041	0.274	0.901	0.32195	High
chr18	46802746	46803095	0.111	0.13	0.026751	High
chr18	47033994	47034569	0.242	0.379	0.150282	High
chr18	55799930	55800242	0.32	0.569	0.28448	High
chr18	57279506	57281485	-0.222	-0.225	0.099234	Low
chr18	57509940	57510567	-0.276	-0.266	0.149592	Low
chr18	57678677	57678999	0.133	0.4	0.070889	High
chr18	72229534	72229853	0.386	0.543	0.358594	High
chr18	73606161	73606481	0.43	0.483	0.39259	High
chr18	73776972	73777306	0.276	0.248	0.144624	High
chr18	78409617	78409847	0.137	0.134	0.037127	High
chr18	78442119	78443337	-0.293	-0.512	0.235865	Low
chr18	79745847	79746014	0.074	0.175	0.018426	High
chr19	198911	199007	0.037	0.263	0.0111	High
chr19	300171	300498	-0.073	-0.128	0.014673	Low
chr19	620925	620986	0.154	0.132	0.044044	High
chr19	1612551	1612906	-0.105	-0.085	0.01995	Low
chr19	2909320	2910499	0.278	-0.038	0.06672	Others
chr19	3444079	3444220	0.233	0.149	0.089006	High
chr19	3581049	3581377	-0.261	-0.302	0.146943	Low
chr19	3711053	3711347	0.324	0.096	0.13608	High
chr19	4618584	4619567	-0.189	-0.176	0.068985	Low
chr19	4885429	4885988	0.372	0.082	0.168888	High
chr19	6987452	6987780	0.152	0.056	0.031616	High
chr19	8291900	8292194	-0.135	-0.089	0.03024	Low
chr19	8738738	8740455	0.206	0.235	0.090846	High
chr19	9701594	9701709	0.143	-0.053	0.01287	Others
chr19	12446882	12447170	0.157	0.27	0.067039	High
chr19	13664873	13666035	-0.233	-0.274	0.118131	Low
chr19	15212287	15213413	-0.196	-0.165	0.070756	Low
chr19	19723634	19728852	0.064	0.311	0.024	High
chr19	20063870	20064187	0.199	0.177	0.074824	High
chr19	21562300	21562639	0.342	0.05	0.134064	High
chr19	21568002	21568910	0.127	-0.009	0.014986	Others
chr19	21584228	21584524	-0.372	-0.37	0.276024	Low
chr19	22927374	22927551	0.201	0.731	0.187332	High
chr19	29459277	29465259	0.301	0.109	0.12341	High
chr19	30796565	30798837	-0.412	-0.475	0.365444	Low
chr19	35170176	35174893	0.078	0.151	0.017862	High
chr19	35360248	35372715	-0.16	-0.08	0.0384	Low
chr19	38123801	38123878	0.154	0.308	0.071148	High
chr19	38787411	38788024	0.134	0.543	0.090718	High
chr19	39898333	39898876	0.08	0.059	0.01112	High
chr19	39900185	39900497	0.303	0.441	0.225432	High
chr19	44969848	44970990	0.482	0.094	0.277632	High
chr19	45400749	45401073	0.342	0.822	0.398088	High
chr19	46078805	46078876	-0.268	-0.147	0.11122	Low
chr19	46293548	46293875	0.151	0.088	0.036089	High
chr19	46314067	46315467	0.153	-0.018	0.020655	Others
chr19	47925841	47930890	-0.184	-0.143	0.060168	Low
chr19	48856312	48856447	0.743	0.084	0.614461	High
chr19	49386218	49386541	0.154	0.213	0.056518	High
chr19	50603540	50605433	0.092	0.059	0.013892	High
chr19	51273136	51273446	0.298	0.485	0.233334	High
chr19	51672676	51674259	-0.068	-0.13	0.013464	Low
chr19	51952955	51953129	0.142	0.267	0.058078	High
chr19	52385563	52388130	0.508	-0.07	0.222504	Others
chr19	52918944	52920953	0.34	0.218	0.18972	High
chr19	53015758	53049012	-0.24	-0.2	0.1056	Low
chr19	56355088	56358552	-0.281	-0.346	0.176187	Low
chr19	56600176	56600493	0.281	0.468	0.210469	High
chr19	56963537	56964240	0.262	-0.004	0.067596	Others
chr19	57171947	57172001	-0.565	-0.603	0.65992	Low
chr20	1301895	1302363	0.264	0.325	0.155496	High
chr20	2014855	2016885	-0.207	-0.168	0.077625	Low
chr20	5962341	5962669	0.111	0.022	0.014763	High
chr20	6045049	6046965	0.183	0.345	0.096624	High
chr20	16098404	16104723	-0.277	-0.261	0.149026	Low
chr20	16227502	16227727	0.314	0.23	0.170816	High
chr20	16259677	16260094	0.315	-0.118	0.062055	Others
chr20	19080772	19081084	0.032	0.331	0.011616	High
chr20	26080180	26080480	0.084	0.14	0.018816	High
chr20	26279948	26281141	-0.192	-0.076	0.051456	Low
chr20	26310314	26313717	-0.143	-0.051	0.027742	Low
chr20	26316951	26322073	0.108	0.06	0.018144	High
chr20	26484701	26485718	0.22	0.17	0.0858	High
chr20	26494153	26495513	-0.162	-0.035	0.031914	Low
chr20	27254706	27255385	0.076	0.071	0.011172	High
chr20	27255320	27255999	0.32	0.213	0.17056	High
chr20	28861317	28868451	0.081	0.049	0.01053	High
chr20	28955459	28960363	0.096	0.099	0.01872	High
chr20	29287960	29290690	-0.087	-0.403	0.04263	Low
chr20	29381631	29382697	0.168	0.269	0.073416	High
chr20	29515521	29516417	-0.332	-0.411	0.246676	Low
chr20	29525892	29531942	0.325	0.064	0.126425	High
chr20	29700018	29703089	-0.302	-0.272	0.173348	Low
chr20	29916727	29917925	-0.188	-0.162	0.0658	Low
chr20	29922398	29923252	0.11	0.108	0.02398	High
chr20	30117535	30118046	-0.091	-0.053	0.013104	Low
chr20	30119961	30121118	0.189	0.184	0.070497	High
chr20	30405428	30405550	0.565	0.57	0.641275	High
chr20	30845763	30848042	0.395	0.239	0.25043	High
chr20	31170827	31177628	-0.512	-0.249	0.389632	Low
chr20	32937682	32941567	-0.056	-0.281	0.018872	Low
chr20	33456079	33456762	-0.304	-0.293	0.181488	Low
chr20	41257715	41258002	0.066	0.401	0.030822	High
chr20	41277677	41278857	0.339	0.462	0.271539	High
chr20	45575422	45578659	0.213	0.133	0.073698	High
chr20	48509044	48509435	0.282	0.324	0.170892	High
chr20	48509709	48511569	-0.079	-0.525	0.047716	Low
chr20	48512316	48513686	-0.475	0.116	0.170525	Others
chr20	54676112	54676425	0.325	0.214	0.175175	High
chr20	55967128	55967231	0.222	0.006	0.050616	High
chr20	61399110	61399430	0.155	0.372	0.081685	High
chr20	61653597	61653829	0.277	-0.056	0.061217	Others
chr20	61784463	61784648	-0.141	-0.14	0.039621	Low
chr20	61995568	61995886	0.062	0.49	0.034224	High
chr20	62057603	62058485	0.143	0.301	0.063492	High
chr20	63028906	63029029	0.233	-0.045	0.043804	Others
chr20	63134611	63134946	0.169	0.332	0.084669	High
chr20	63670100	63670441	0.089	0.144	0.020737	High
chr20	63964828	63965923	0.36	0.45	0.2916	High
chr21	5301088	5301433	0.255	0.438	0.176715	High
chr21	5307342	5308196	-0.277	-0.322	0.165923	Low
chr21	7238380	7239063	-0.375	-0.579	0.35775	Low
chr21	7239817	7240491	0.145	0.394	0.078155	High
chr21	8019693	8022072	-0.36	0.061	0.10764	Others
chr21	9002886	9003209	0.35	0.21	0.196	High
chr21	9705097	9705240	0.108	0.446	0.059832	High
chr21	10404030	10415673	0.042	0.329	0.015582	High
chr21	10769164	10770076	-0.349	-0.215	0.196836	Low
chr21	14088467	14089535	0.61	0.349	0.58499	High
chr21	17954283	17956791	-0.092	-0.212	0.027968	Low
chr21	23002473	23003086	-0.333	-0.132	0.154845	Low
chr21	23369910	23370223	0.102	0.084	0.018972	High
chr21	23456626	23456944	0.06	0.13	0.0114	High
chr21	29179903	29180256	0.436	0.241	0.295172	High
chr21	29229495	29229834	0.157	0.248	0.063585	High
chr21	35897875	35898001	0.287	0.588	0.251125	High
chr21	37589398	37589679	0.526	0.3	0.434476	High
chr21	40214938	40215262	0.235	0.265	0.1175	High
chr21	40585321	40585439	0.322	0.152	0.152628	High
chr21	41689257	41689312	-0.103	0.003	0.0103	Others
chr21	41814173	41814498	0.17	-0.016	0.02618	Others
chr21	42587706	42589541	0.312	-0.003	0.096408	Others
chr21	42589890	42590144	0.399	-0.002	0.158403	Others
chr21	42848738	42848896	0.403	0.333	0.296608	High
chr21	43550483	43553418	-0.205	-0.326	0.108855	Low
chr21	44982137	44982362	0.183	0.287	0.08601	High
chr21	45365241	45365304	0.13	0.252	0.04966	High
chr21	45380252	45380393	0.417	0.229	0.269382	High
chr21	45442599	45442709	0.229	0.139	0.084272	High
chr21	45501786	45502045	0.214	0.194	0.087312	High
chr21	45990026	45990093	0.248	0.06	0.076384	High
chr21	46010668	46010907	-0.196	-0.192	0.076048	Low
chr21	46033826	46033924	0.158	0.025	0.028914	High
chr21	46034465	46035024	0.87	-0.02	0.7395	Others
chr21	46292934	46293081	0.224	-0.001	0.049952	Others
chr21	46294259	46294349	0.612	0.021	0.387396	High
chr21	46294548	46295864	-0.261	-0.055	0.082476	Low
chr21	46302707	46302788	0.205	0.55	0.154775	High
chr22	10699252	10699334	0.324	0.369	0.224532	High
chr22	10728186	10729365	-0.311	-0.312	0.193753	Low
chr22	11058536	11060342	0.144	0.211	0.05112	High
chr22	11588146	11588323	0.577	0.446	0.590271	High
chr22	12328827	12331038	0.188	0.068	0.048128	High
chr22	16164937	16165278	-0.193	-0.171	0.070252	Low
chr22	17147044	17147228	0.128	0.573	0.089728	High
chr22	17289460	17298216	-0.129	-0.202	0.042699	Low
chr22	18370084	18370267	0.23	0.517	0.17181	High
chr22	18370502	18370555	0.474	0.051	0.24885	High
chr22	20360685	20360737	0.182	0.039	0.040222	High
chr22	21184142	21184195	0.072	0.138	0.01512	High
chr22	21715659	21715840	0.293	-0.21	0.024319	Others
chr22	23136241	23137371	-0.523	-0.592	0.583145	Low
chr22	27027690	27027811	-0.184	-0.235	0.077096	Low
chr22	28781333	28781649	0.259	0.349	0.157472	High
chr22	31023929	31024863	-0.249	-0.087	0.083664	Low
chr22	33384461	33387339	0.222	0.398	0.13764	High
chr22	35737460	35738225	-0.128	-0.137	0.03392	Low
chr22	40398219	40399237	-0.45	-0.138	0.2646	Low
chr22	42634685	42634863	0.395	0.583	0.38631	High
chr22	43834334	43834837	-0.442	-0.314	0.334152	Low
chr22	43834621	43834899	-0.146	0.025	0.017666	Others
chr22	43835006	43835089	-0.232	-0.562	0.184208	Low
chr22	43836160	43836368	-0.171	-0.214	0.065835	Low
chr22	44800945	44801102	0.357	0.191	0.195636	High
chr22	45479139	45479468	0.279	0.278	0.155403	High
chr22	45587276	45587389	0.205	0.006	0.043255	High
chr22	46095542	46095860	-0.246	-0.298	0.133824	Low
chr22	46621541	46621684	0.171	0.186	0.061047	High
chr22	47211109	47211264	0.054	0.33	0.020736	High
chr22	47211926	47212305	0.38	0.329	0.26942	High
chr22	47300713	47301108	-0.242	-0.377	0.149798	Low
chr22	47405573	47405813	-0.399	-0.263	0.264138	Low
chr22	48667774	48668552	0.297	0.472	0.228393	High
chr22	48851373	48851512	0.505	0.563	0.53934	High
chr22	49319853	49321517	0.134	0.294	0.057352	High
chr22	50504096	50504230	-0.147	-0.229	0.055272	Low
