chr1	909232	909627	0.357	0.062	0.149583	High
chr1	909419	909508	0.337	0.036	0.125701	High
chr1	977650	977858	0.05	0.351	0.02005	High
chr1	1139350	1139593	0.204	0.172	0.076704	High
chr1	1139875	1140240	0.283	-0.018	0.074995	Others
chr1	2124191	2124316	0.083	0.039	0.010126	High
chr1	3146915	3147035	0.105	0.191	0.03108	High
chr1	3181371	3181498	0.259	0.058	0.082103	High
chr1	3433482	3433598	0.166	0.287	0.075198	High
chr1	3591623	3591753	0.191	0.002	0.036863	High
chr1	3891889	3892302	0.081	0.182	0.021303	High
chr1	7864885	7865332	0.077	0.08	0.012089	High
chr1	9786592	9796632	-0.123	0.004	0.014637	Others
chr1	10744344	10744487	-0.297	-0.178	0.141075	Low
chr1	16660748	16662508	-0.176	-0.268	0.078144	Low
chr1	16744928	16746691	-0.208	-0.185	0.081744	Low
chr1	17241451	17241594	-0.433	-0.448	0.381473	Low
chr1	17349677	17351169	-0.163	0.014	0.024287	Others
chr1	21459925	21460196	0.268	0.233	0.134268	High
chr1	24193857	24197166	0.161	0.245	0.065366	High
chr1	27477601	27477929	0.405	0.41	0.330075	High
chr1	31176905	31177031	0.243	0.058	0.073143	High
chr1	57877539	57877862	0.392	0.361	0.295176	High
chr1	79270062	79270163	0.297	0.276	0.170181	High
chr1	80728656	80728982	0.619	0.591	0.74899	High
chr1	85282937	85283266	0.211	0.13	0.071951	High
chr1	86416748	86417068	0.366	0.312	0.248148	High
chr1	91668730	91669125	0.083	0.16	0.020169	High
chr1	91668838	91669341	0.11	0.134	0.02684	High
chr1	116369410	116369490	0.1	0.088	0.0188	High
chr1	120402065	120402366	0.055	0.206	0.014355	High
chr1	124879269	124880801	0.096	0.038	0.012864	High
chr1	125171349	125174273	0.156	0.114	0.04212	High
chr1	125174424	125174601	-0.063	-0.221	0.017892	Low
chr1	143275363	143275456	0.088	0.053	0.012408	High
chr1	143638134	143638260	0.106	0.124	0.02438	High
chr1	144118906	144119231	0.124	0.083	0.025668	High
chr1	145326673	145329887	-0.16	-0.161	0.05136	Low
chr1	145336097	145339297	-0.16	-0.115	0.044	Low
chr1	146067231	146070370	0.14	0.01	0.021	High
chr1	146956976	146959596	0.084	0.036	0.01008	High
chr1	148702813	148703125	0.244	0.09	0.081496	High
chr1	159678917	159679866	0.122	0.302	0.051728	High
chr1	160965230	160965545	0.207	0.104	0.064377	High
chr1	161423477	161423651	0.081	0.446	0.042687	High
chr1	177962907	177963402	-0.065	-0.122	0.012155	Low
chr1	185403964	185404301	0.161	0.204	0.058765	High
chr1	198335523	198341147	-0.151	-0.019	0.02567	Low
chr1	209904722	209912631	-0.185	-0.145	0.06105	Low
chr1	212297793	212299273	0.089	0.073	0.014418	High
chr1	220112112	220112431	0.087	0.04	0.011049	High
chr1	227294563	227294880	0.224	0.111	0.07504	High
chr1	227836392	227836703	0.263	0.383	0.169898	High
chr1	232639783	232640096	0.212	0.241	0.096036	High
chr1	232700829	232701012	0.156	0.258	0.064584	High
chr1	238689007	238689949	0.204	0.091	0.06018	High
chr1	240477906	240478307	0.262	0.255	0.135454	High
chr1	241197237	241197551	0.106	0.197	0.032118	High
chr1	242964469	242965912	-0.153	-0.064	0.033201	Low
chr1	245992515	245992843	0.095	0.076	0.016245	High
chr1	246002322	246002455	0.134	0.023	0.021038	High
chr1	246002522	246002653	0.159	0.012	0.027189	High
chr1	246275983	246276394	0.128	0.032	0.02048	High
chr2	197765	197815	0.069	0.159	0.015732	High
chr2	198072	198175	0.137	0.095	0.031784	High
chr2	293816	294198	0.234	0.142	0.087984	High
chr2	399665	400287	0.108	0.109	0.023436	High
chr2	436513	436585	0.417	0.179	0.248532	High
chr2	849187	849992	-0.215	-0.311	0.11309	Low
chr2	1056542	1056614	0.123	0.226	0.042927	High
chr2	1106141	1106347	0.13	0.133	0.03419	High
chr2	1106503	1106659	0.148	0.081	0.033892	High
chr2	1106794	1108197	-0.08	-0.134	0.01712	Low
chr2	1107470	1107677	-0.198	-0.198	0.078408	Low
chr2	1108832	1108987	0.084	0.171	0.02142	High
chr2	1522245	1522365	0.217	0.213	0.09331	High
chr2	1534412	1535212	-0.086	-0.049	0.01161	Low
chr2	1535476	1535696	0.188	0.154	0.064296	High
chr2	1537237	1537539	-0.438	-0.449	0.388506	Low
chr2	2034396	2035288	-0.12	0.009	0.01332	Others
chr2	3671994	3672642	-0.236	-0.255	0.115876	Low
chr2	3725401	3725532	0.088	0.193	0.024728	High
chr2	3786348	3786557	0.213	0.201	0.088182	High
chr2	7520069	7520260	0.305	0.392	0.212585	High
chr2	16110985	16111308	0.18	0.317	0.08946	High
chr2	25004751	25005065	0.066	0.2	0.017556	High
chr2	31119859	31120173	0.31	0.231	0.16771	High
chr2	34298587	34300651	0.363	-0.029	0.121242	Others
chr2	36728517	36728832	0.261	0.206	0.121887	High
chr2	41011226	41023152	0.159	0.059	0.034662	High
chr2	48554696	48557727	0.224	0.2	0.094976	High
chr2	55705734	55705859	0.273	0.208	0.131313	High
chr2	77749641	77749964	0.302	0.385	0.207474	High
chr2	89671960	89675829	-0.064	-0.211	0.0176	Low
chr2	90294987	90295264	-0.064	-0.136	0.0128	Low
chr2	91409535	91409703	0.193	0.113	0.059058	High
chr2	91411559	91411682	0.081	0.124	0.016605	High
chr2	91412652	91412798	0.147	0.168	0.046305	High
chr2	91457402	91458448	0.247	0.054	0.074347	High
chr2	91524830	91525313	0.107	0.025	0.014124	High
chr2	94546887	94548253	0.119	0.073	0.022848	High
chr2	101358741	101359073	0.246	0.149	0.09717	High
chr2	101481376	101481702	0.235	0.514	0.176015	High
chr2	101616119	101617124	0.074	0.206	0.02072	High
chr2	105209434	105211968	0.186	0.352	0.100068	High
chr2	106078621	106079437	0.178	0.036	0.038092	High
chr2	113393749	113396033	0.155	0.081	0.03658	High
chr2	113554461	113554572	0.176	0.033	0.036784	High
chr2	118148553	118148704	0.434	0.135	0.246946	High
chr2	118895741	118901791	0.2	-0.017	0.0366	Others
chr2	121040229	121040822	-0.239	-0.096	0.080065	Low
chr2	121806808	121807124	0.195	0.292	0.094965	High
chr2	125752134	125753020	0.32	0.198	0.16576	High
chr2	131425101	131425217	-0.084	-0.379	0.038892	Low
chr2	142677036	142677373	0.164	0.332	0.081344	High
chr2	155331600	155331781	0.235	0.362	0.140295	High
chr2	165158183	165160233	0.203	0.031	0.047502	High
chr2	165410998	165411320	0.309	0.335	0.198996	High
chr2	173287002	173287316	0.168	0.485	0.109704	High
chr2	175813673	175814301	0.312	0.095	0.126984	High
chr2	187637249	187637322	0.099	0.113	0.020988	High
chr2	201856925	201857245	0.682	0.285	0.659494	High
chr2	208586992	208587318	0.249	0.604	0.212397	High
chr2	212709947	212710252	0.085	0.363	0.03808	High
chr2	219187601	219188190	0.1	0.007	0.0107	High
chr2	224428234	224428681	0.333	0.236	0.189477	High
chr2	231827196	231827640	-0.166	-0.177	0.056938	Low
chr2	231844114	231844421	0.098	0.142	0.02352	High
chr2	235186024	235186352	0.335	0.314	0.217415	High
chr2	235734944	235735088	0.241	0.342	0.140503	High
chr2	237598093	237598209	0.127	0.177	0.038608	High
chr2	238296398	238296694	-0.225	-0.068	0.065925	Low
chr2	238500730	238501055	0.2	0.378	0.1156	High
chr2	239231608	239231747	0.087	0.299	0.033582	High
chr2	239231772	239231981	0.11	0.253	0.03993	High
chr2	240623405	240623461	0.338	0.344	0.230516	High
chr2	240842634	240842902	0.12	0.151	0.03252	High
chr2	240843013	240843253	0.206	0.13	0.069216	High
chr3	8678474	8679349	-0.415	-0.524	0.389685	Low
chr3	11066598	11070196	-0.25	-0.087	0.08425	Low
chr3	14645040	14649557	0.172	-0.096	0.013072	Others
chr3	25657905	25658071	0.203	0.114	0.064351	High
chr3	32060558	32066390	-0.234	-0.15	0.089856	Low
chr3	32162369	32162650	0.129	0.124	0.032637	High
chr3	36453627	36453765	0.356	0.079	0.15486	High
chr3	61489374	61489696	0.23	0.322	0.12696	High
chr3	69130522	69132389	0.049	0.273	0.015778	High
chr3	72100146	72115234	-0.143	0.024	0.017017	Others
chr3	76014212	76014389	0.097	0.137	0.022698	High
chr3	77290142	77290617	-0.174	-0.098	0.047328	Low
chr3	89017775	89026976	0.093	0.09	0.017019	High
chr3	90536600	90537959	0.098	0.021	0.011662	High
chr3	91933778	91934118	-0.074	-0.174	0.018352	Low
chr3	93768819	93768946	0.185	0.146	0.061235	High
chr3	95397348	95397677	0.363	0.293	0.238128	High
chr3	129357026	129363119	-0.11	0.012	0.01078	Others
chr3	129465624	129465933	0.094	0.044	0.012972	High
chr3	130628722	130634263	0.133	0.115	0.032984	High
chr3	131958958	131959298	0.239	0.189	0.102292	High
chr3	140419646	140419787	0.216	0.205	0.090936	High
chr3	140803647	140804802	-0.302	-0.123	0.12835	Low
chr3	150181247	150181454	0.108	0.193	0.032508	High
chr3	174484504	174484818	0.287	0.165	0.129724	High
chr3	176788274	176788395	0.146	0.311	0.066722	High
chr3	185299540	185299864	0.191	0.165	0.067996	High
chr3	187108867	187109180	0.12	0.086	0.02472	High
chr3	189858105	189858426	0.206	0.074	0.05768	High
chr3	190952008	190952330	0.284	0.591	0.2485	High
chr3	191863114	191863344	0.123	0.33	0.055719	High
chr3	192641104	192641403	0.316	0.477	0.250588	High
chr3	193026564	193027103	-0.4	-0.161	0.2244	Low
chr3	194347853	194348210	0.078	0.279	0.027846	High
chr3	195066025	195066675	0.118	0.284	0.047436	High
chr3	195478500	195479296	0.151	0.252	0.060853	High
chr3	195619232	195619459	0.082	0.048	0.01066	High
chr3	196047041	196048103	-0.186	-0.184	0.06882	Low
chr3	196098951	196099675	-0.448	-0.453	0.403648	Low
chr3	196329047	196329974	0.096	0.103	0.019104	High
chr3	198004765	198005024	0.099	0.117	0.021384	High
chr4	407250	407579	0.261	0.132	0.102573	High
chr4	635387	635528	0.22	0.091	0.06842	High
chr4	1283064	1283200	0.099	0.066	0.016335	High
chr4	1545854	1546516	0.157	0.104	0.040977	High
chr4	1546930	1547128	0.337	0.021	0.120646	High
chr4	2396077	2396730	-0.216	-0.222	0.094608	Low
chr4	2430188	2430313	0.135	0.16	0.039825	High
chr4	2430243	2430431	0.113	0.108	0.024973	High
chr4	3309063	3309221	-0.26	-0.354	0.15964	Low
chr4	3746624	3746710	0.446	0.5	0.421916	High
chr4	6895622	6898670	0.09	0.064	0.01386	High
chr4	7336418	7336641	-0.185	0.028	0.029045	Others
chr4	9491081	9491162	0.042	0.297	0.014238	High
chr4	16944617	16944925	0.328	0.084	0.135136	High
chr4	23720041	23720361	0.15	0.24	0.0585	High
chr4	30278435	30278534	0.098	0.06	0.015484	High
chr4	31405055	31405381	0.1	0.224	0.0324	High
chr4	31491241	31491676	0.315	0.344	0.207585	High
chr4	41443177	41443276	0.397	0.286	0.271151	High
chr4	49187132	49187449	0.193	0.289	0.093026	High
chr4	49323678	49324115	-0.201	-0.198	0.080199	Low
chr4	49646600	49646709	0.05	0.212	0.0131	High
chr4	50040562	50041241	-0.1	-0.045	0.0145	Low
chr4	50154061	50154742	-0.077	-0.063	0.01078	Low
chr4	58021131	58022167	0.076	0.223	0.022724	High
chr4	68197896	68200783	0.094	0.234	0.030832	High
chr4	76917653	76917927	0.288	-0.009	0.080352	Others
chr4	87562731	87565159	0.08	0.076	0.01248	High
chr4	89627140	89627462	0.087	0.426	0.044631	High
chr4	92471913	92472232	0.282	0.198	0.13536	High
chr4	106135421	106142203	0.266	0.032	0.079268	High
chr4	119096080	119096399	0.031	0.372	0.012493	High
chr4	120887774	120888090	0.167	0.23	0.066299	High
chr4	137170846	137179476	-0.148	-0.189	0.049876	Low
chr4	141309624	141311907	-0.271	-0.252	0.141733	Low
chr4	144395293	144398752	-0.345	0.037	0.10626	Others
chr4	155498416	155498524	0.337	0.1	0.147269	High
chr4	158472207	158473555	0.143	0.232	0.053625	High
chr4	165081465	165083902	0.487	0.163	0.31655	High
chr4	167188116	167188403	0.274	0.048	0.088228	High
chr4	167188535	167194349	-0.333	-0.137	0.15651	Low
chr4	170967704	170968022	0.267	0.428	0.185565	High
chr4	177593090	177593408	0.115	0.477	0.06808	High
chr4	180396118	180396300	0.543	0.665	0.655944	High
chr4	180628275	180628588	0.092	0.411	0.046276	High
chr4	180945119	180945345	0.138	0.068	0.028428	High
chr4	181240389	181240745	0.13	0.044	0.02262	High
chr4	182013955	182014030	0.272	0.294	0.153952	High
chr4	185277711	185278029	0.294	0.15	0.130536	High
chr4	185520481	185522918	-0.179	-0.007	0.033294	Low
chr4	186057228	186057430	0.275	0.03	0.083875	High
chr4	186057475	186057691	0.135	0.022	0.021195	High
chr4	186172332	186173394	0.174	0.014	0.032712	High
chr4	186173625	186174447	0.164	0.119	0.046412	High
chr4	186176006	186177033	-0.299	-0.331	0.18837	Low
chr4	186428176	186428344	-0.151	0.027	0.018724	Others
chr4	186960466	186960582	0.076	0.097	0.013148	High
chr4	186971626	186973032	0.545	-0.005	0.2943	Others
chr4	188107022	188107115	0.152	-0.002	0.0228	Others
chr4	188159731	188159780	0.136	0.105	0.032776	High
chr4	188269003	188269602	-0.562	-0.677	0.696318	Low
chr4	189051509	189051886	0.353	0.195	0.193444	High
chr4	189051941	189052156	0.279	0.104	0.106857	High
chr4	189363955	189364096	0.077	0.126	0.015631	High
chr5	358286	358595	0.168	-0.009	0.026712	Others
chr5	391438	391535	0.272	0.026	0.081056	High
chr5	392127	392273	0.121	-0.032	0.010769	Others
chr5	486939	487550	0.172	0.279	0.077572	High
chr5	562643	563289	0.285	0.099	0.10944	High
chr5	650323	650746	0.125	-0.003	0.01525	Others
chr5	667822	668110	0.328	0.007	0.10988	High
chr5	827717	828484	0.07	0.262	0.02324	High
chr5	976079	976214	0.462	0.162	0.288288	High
chr5	1483742	1483841	0.246	0.198	0.109224	High
chr5	1941030	1941339	0.325	0.35	0.219375	High
chr5	1950898	1951340	0.231	0.198	0.099099	High
chr5	1972228	1972329	0.298	0.177	0.14155	High
chr5	2490872	2491431	0.107	0.051	0.016906	High
chr5	2490887	2491159	0.201	0.121	0.064722	High
chr5	3499147	3499467	0.206	0.302	0.104648	High
chr5	3502199	3502526	0.429	0.249	0.290862	High
chr5	9400498	9400767	0.116	0.106	0.025752	High
chr5	10273117	10274960	-0.38	-0.159	0.20482	Low
chr5	10639877	10639969	0.314	0.018	0.104248	High
chr5	13330072	13330361	0.102	0.288	0.03978	High
chr5	24452730	24453051	0.173	0.185	0.061934	High
chr5	42981403	42981868	0.653	-0.079	0.374822	Others
chr5	46270550	46275733	-0.308	-0.167	0.1463	Low
chr5	46405925	46406948	0.253	0.25	0.127259	High
chr5	46814880	46816413	0.123	0.185	0.037884	High
chr5	46861477	46865222	-0.136	-0.076	0.028832	Low
chr5	46896822	46898354	0.219	0.219	0.095922	High
chr5	46905207	46906401	0.074	0.192	0.019684	High
chr5	46907050	46908583	0.154	0.081	0.03619	High
chr5	46922961	46933360	-0.196	-0.025	0.043316	Low
chr5	46946464	46947996	0.204	0.123	0.066708	High
chr5	47089754	47091592	0.065	0.095	0.0104	High
chr5	47093293	47094362	-0.16	-0.157	0.05072	Low
chr5	47120872	47122404	0.253	0.013	0.067298	High
chr5	47121815	47122325	0.147	-0.012	0.019845	Others
chr5	47128785	47129466	0.097	0.314	0.039867	High
chr5	50136193	50136529	0.175	0.065	0.042	High
chr5	56133379	56134518	0.193	-0.079	0.022002	Others
chr5	70510845	70511654	0.13	0.017	0.01911	High
chr5	81712345	81712617	0.147	0.01	0.023079	High
chr5	88736195	88736524	0.242	0.991	0.298386	High
chr5	90564604	90564924	0.673	0.244	0.617141	High
chr5	98065857	98067055	-0.317	-0.262	0.183543	Low
chr5	106901252	106901930	-0.13	0.02	0.0143	Others
chr5	106901954	106902594	-0.28	-0.097	0.10556	Low
chr5	112888535	112891187	0.369	0.044	0.152397	High
chr5	117500374	117500679	0.347	0.621	0.335896	High
chr5	122240420	122245112	-0.133	-0.039	0.022876	Low
chr5	129042988	129043298	0.041	0.315	0.014596	High
chr5	150798099	150802036	-0.203	-0.152	0.072065	Low
chr5	156657707	156658670	-0.152	-0.133	0.04332	Low
chr5	164238002	164239440	0.311	0.318	0.195619	High
chr5	165955944	165956444	0.241	0.09	0.079771	High
chr5	165957089	165957388	-0.1	-0.209	0.0309	Low
chr5	165957412	165957993	-0.244	-0.145	0.094916	Low
chr5	165958059	165959739	-0.125	-0.054	0.022375	Low
chr5	165959807	165962873	-0.309	0.148	0.049749	Others
chr5	171404072	171404252	0.145	0.022	0.024215	High
chr5	172296732	172296859	-0.174	0.005	0.029406	Others
chr5	173068983	173071830	0.359	-0.05	0.110931	Others
chr5	173462710	173463042	0.139	0.23	0.051291	High
chr5	177703836	177704147	0.196	0.009	0.04018	High
chr5	177985863	177985935	-0.46	0.259	0.09246	Others
chr5	178095601	178095901	0.076	0.067	0.010868	High
chr5	178096338	178096723	0.158	0.04	0.031284	High
chr5	178394895	178396390	0.052	0.219	0.014092	High
chr5	178395159	178396742	0.248	0.097	0.08556	High
chr5	178448110	178448229	0.095	0.251	0.03287	High
chr5	179229388	179229461	0.174	0.166	0.05916	High
chr5	179411779	179412151	-0.228	0.032	0.044688	Others
chr5	179594071	179594527	0.175	0.001	0.0308	High
chr5	179653664	179653961	0.166	0.2	0.060756	High
chr5	181089101	181089293	0.397	0.113	0.20247	High
chr5	181090216	181091626	0.257	0.046	0.077871	High
chr5	181090220	181091201	0.721	0.048	0.554449	High
chr5	181163984	181169439	-0.705	-0.472	0.829785	Low
chr5	181253074	181254412	0.326	0.104	0.14018	High
chr5	181446554	181446790	-0.528	-0.263	0.417648	Low
chr6	666376	667820	-0.274	-0.172	0.122204	Low
chr6	3146427	3146630	0.314	0.042	0.111784	High
chr6	5135038	5135457	0.144	0.073	0.031248	High
chr6	7273126	7273683	0.385	0.01	0.152075	High
chr6	11444106	11444417	0.246	0.337	0.143418	High
chr6	11903203	11903514	0.304	0.358	0.201248	High
chr6	13882318	13883620	-0.105	-0.003	0.01134	Low
chr6	19423371	19423604	0.127	0.283	0.05207	High
chr6	19764875	19770952	-0.268	0.172	0.025728	Others
chr6	20765135	20765454	0.549	0.007	0.305244	High
chr6	23743031	23745716	-0.48	0.006	0.22752	Others
chr6	25529642	25529782	0.939	0.149	1.02163	High
chr6	26656483	26658437	0.14	0.015	0.0217	High
chr6	27826935	27827209	0.078	0.272	0.0273	High
chr6	28222417	28222753	0.051	0.404	0.023205	High
chr6	34372725	34373063	0.097	0.072	0.016393	High
chr6	34373150	34373318	0.246	0.066	0.076752	High
chr6	37753917	37754049	0.121	0.196	0.038357	High
chr6	41436322	41436644	0.043	0.206	0.010707	High
chr6	42869821	42871564	0.17	0.013	0.03111	High
chr6	43067814	43068138	0.54	0.085	0.3375	High
chr6	48963308	48970895	0.132	0.021	0.020196	High
chr6	54067737	54070011	-0.179	-0.049	0.040812	Low
chr6	54915508	54915835	0.286	0.631	0.262262	High
chr6	58449451	58450296	-0.125	-0.186	0.038875	Low
chr6	61490509	61496620	-0.144	0.032	0.016128	Others
chr6	64637143	64640268	-0.17	-0.027	0.03349	Low
chr6	65689152	65694792	-0.138	0.035	0.014214	Others
chr6	71517392	71518034	-0.204	-0.043	0.050388	Low
chr6	73711530	73711835	0.411	0.211	0.255642	High
chr6	73882344	73892722	-0.239	-0.033	0.065008	Low
chr6	76387775	76392923	0.211	0.056	0.056337	High
chr6	77210382	77210692	0.118	0.45	0.067024	High
chr6	85316634	85316948	0.243	0.431	0.163782	High
chr6	85914124	85916113	-0.067	-0.098	0.011055	Low
chr6	111882647	111882964	0.067	0.253	0.02144	High
chr6	116429650	116429968	0.424	0.007	0.182744	High
chr6	120998146	120998469	0.313	0.236	0.171837	High
chr6	121487791	121488017	0.242	0.255	0.120274	High
chr6	132376489	132376811	0.475	0.125	0.285	High
chr6	133947838	133948585	-0.177	-0.101	0.049206	Low
chr6	140631753	140632040	0.212	0.176	0.082256	High
chr6	149816341	149816648	0.694	0.081	0.53785	High
chr6	149965091	149965216	-0.262	0.072	0.04978	Others
chr6	153637232	153640388	-0.341	-0.169	0.17391	Low
chr6	158455044	158455371	0.362	0.03	0.141904	High
chr6	159665225	159667656	0.138	0.001	0.019182	High
chr6	160121973	160123414	0.174	0.034	0.036192	High
chr6	164122414	164126157	-0.304	0.118	0.056544	Others
chr6	167422532	167422634	0.352	0.082	0.152768	High
chr6	167658532	167658855	0.227	0.195	0.095794	High
chr6	168234812	168235116	0.481	-0.003	0.229918	Others
chr6	168316331	168317609	0.297	-0.186	0.032967	Others
chr6	168316571	168318066	-0.176	0.099	0.013552	Others
chr6	168356827	168357211	0.038	0.273	0.011818	High
chr6	168357383	168357656	0.085	0.149	0.01989	High
chr6	168358004	168358442	0.478	0.13	0.290624	High
chr6	168572134	168573372	0.225	0.141	0.08235	High
chr6	168593211	168594023	-0.3	-0.092	0.1176	Low
chr6	168990843	168990958	0.098	0.159	0.025186	High
chr6	168991190	168991304	0.149	0.077	0.033674	High
chr6	168991515	168991719	0.27	0.043	0.08451	High
chr6	169664850	169665035	0.282	0.033	0.08883	High
chr6	169963840	169963889	0.288	0.288	0.165888	High
chr6	169967250	169967597	0.321	0.311	0.202872	High
chr6	169987629	169988571	0.14	0.122	0.03668	High
chr6	169987775	169987979	0.346	0.115	0.159506	High
chr6	170169480	170171154	0.216	-0.041	0.0378	Others
chr6	170170081	170170400	-0.193	0.011	0.035126	Others
chr6	170217510	170219016	0.176	-0.013	0.028688	Others
chr6	170219593	170220800	0.258	0.01	0.069144	High
chr6	170236842	170237543	0.138	0.109	0.034086	High
chr6	170237128	170237829	0.167	0.064	0.038577	High
chr6	170237799	170237960	0.076	0.098	0.013224	High
chr6	170246404	170246610	0.465	0.074	0.250635	High
chr6	170657073	170659901	0.15	0.208	0.0537	High
chr6	170660237	170661387	-0.364	-0.168	0.193648	Low
chr7	243211	243461	0.176	-0.006	0.02992	Others
chr7	403415	403898	0.204	0.094	0.060792	High
chr7	1128733	1128924	0.113	0.001	0.012882	High
chr7	1582326	1582639	0.09	0.056	0.01314	High
chr7	1763748	1763833	-0.697	-0.664	0.948617	Low
chr7	2591875	2591984	0.2	0.075	0.055	High
chr7	3962868	3963365	-0.75	-0.573	0.99225	Low
chr7	7502678	7502977	0.349	0.063	0.143788	High
chr7	11189615	11190078	0.288	-0.052	0.067968	Others
chr7	12242077	12242398	0.415	0.479	0.37101	High
chr7	14409415	14409735	0.107	0.354	0.049327	High
chr7	15354351	15354440	0.34	0.157	0.16898	High
chr7	20709161	20713953	-0.103	-0.22	0.033269	Low
chr7	20988191	20991837	-0.108	-0.011	0.012852	Low
chr7	21774237	21774497	-0.341	-0.049	0.13299	Low
chr7	22395181	22397140	-0.216	0.054	0.034992	Others
chr7	23637529	23637654	0.316	0.005	0.101436	High
chr7	23998542	24000450	0.171	0.007	0.030438	High
chr7	25018243	25018475	0.147	0.041	0.027636	High
chr7	27474716	27474990	0.19	0.364	0.10526	High
chr7	30857447	30857745	0.127	0.161	0.036576	High
chr7	32735320	32738055	0.148	0.228	0.055648	High
chr7	37958905	37959219	0.205	0.374	0.118695	High
chr7	39552458	39552771	0.249	0.243	0.122508	High
chr7	43374532	43374786	0.02	0.58	0.012	High
chr7	44871103	44871176	0.073	0.089	0.011826	High
chr7	45813727	45813937	0.241	0.033	0.066034	High
chr7	46326870	46327190	0.426	0.055	0.204906	High
chr7	55342168	55342412	0.086	0.082	0.014448	High
chr7	55904077	55904440	-0.736	-0.669	1.03408	Low
chr7	56097046	56097181	0.412	0.021	0.178396	High
chr7	56821004	56821147	0.218	0.021	0.052102	High
chr7	61972483	61972822	0.08	0.06	0.0112	High
chr7	61972994	61973332	0.092	0.165	0.023644	High
chr7	62276741	62276855	-0.15	-0.126	0.0414	Low
chr7	62376686	62376840	0.367	-0.018	0.128083	Others
chr7	62906070	62909330	-0.199	-0.021	0.04378	Low
chr7	65257913	65258028	0.117	0.082	0.023283	High
chr7	66392656	66395116	0.398	0.025	0.168354	High
chr7	68167036	68167336	0.089	0.085	0.015486	High
chr7	68170234	68170433	-0.167	-0.088	0.042585	Low
chr7	73775866	73776217	0.228	0.134	0.082536	High
chr7	94480582	94483569	0.219	-0.043	0.038544	Others
chr7	95756941	95757271	0.612	0.255	0.530604	High
chr7	97901990	97903761	-0.235	-0.343	0.13583	Low
chr7	98839485	98839618	0.476	0.114	0.28084	High
chr7	101003796	101004374	0.373	0.006	0.141367	High
chr7	102702981	102703299	0.111	0.039	0.01665	High
chr7	102848257	102848595	0.199	0.027	0.044974	High
chr7	121241042	121241379	0.156	0.329	0.07566	High
chr7	135024814	135028409	-0.223	-0.014	0.052851	Low
chr7	135588198	135590382	0.266	0.002	0.071288	High
chr7	137770525	137770831	0.048	0.205	0.012144	High
chr7	138310768	138311656	-0.2	0.107	0.0186	Others
chr7	139424841	139425205	0.111	0.013	0.013764	High
chr7	140489426	140489703	-0.324	-0.132	0.147744	Low
chr7	140489754	140490389	0.27	0.168	0.11826	High
chr7	141791910	141792097	0.274	0.029	0.083022	High
chr7	142044665	142044880	-0.491	-0.582	0.526843	Low
chr7	150036981	150037531	-0.079	-0.095	0.013746	Low
chr7	152385313	152385643	0.27	0.057	0.08829	High
chr7	152395539	152401116	0.178	0.172	0.0623	High
chr7	152548257	152549217	0.123	0.065	0.023124	High
chr7	152584607	152587219	0.582	0.203	0.45687	High
chr7	153314948	153315013	0.232	0.145	0.087464	High
chr7	154062586	154062748	0.409	0.144	0.226177	High
chr7	156154463	156155099	0.195	0.141	0.06552	High
chr7	156155243	156155696	0.09	0.031	0.01089	High
chr7	157649521	157649622	0.179	0.078	0.046003	High
chr7	157731557	157731780	0.064	0.292	0.022784	High
chr7	157732195	157732896	0.103	0.132	0.024205	High
chr7	157732987	157733270	0.117	0.025	0.016614	High
chr7	157733403	157733562	0.165	-0.019	0.02409	Others
chr7	157733729	157733919	0.143	0.015	0.022594	High
chr7	157826198	157826258	0.234	0.298	0.124488	High
chr7	157895164	157895380	-0.472	-0.352	0.388928	Low
chr7	158071781	158071925	0.124	0.288	0.051088	High
chr7	158188362	158188447	0.193	0.074	0.051531	High
chr7	158276225	158276430	0.104	0.14	0.025376	High
chr7	158336842	158337023	0.142	0.162	0.043168	High
chr7	158337736	158338532	-0.105	-0.146	0.026355	Low
chr7	158341159	158341361	0.117	-0.02	0.011349	Others
chr7	158426921	158427469	0.267	-0.029	0.063546	Others
chr7	158667781	158667982	0.157	-0.008	0.023393	Others
chr7	158708056	158712069	-0.128	-0.114	0.030976	Low
chr7	158891855	158891924	0.439	0.042	0.211159	High
chr7	159090253	159090521	0.142	0.338	0.06816	High
chr7	159090742	159091010	0.328	0.25	0.189584	High
chr8	282214	282516	-0.544	-0.288	0.452608	Low
chr8	714182	714267	0.373	0.015	0.144724	High
chr8	992082	992729	-0.241	-0.207	0.107968	Low
chr8	1097091	1097900	-0.554	-0.151	0.39057	Low
chr8	1103430	1103541	0.25	0.223	0.11825	High
chr8	1392819	1397809	0.379	0.143	0.197838	High
chr8	1798271	1798751	0.13	0.137	0.03471	High
chr8	1841802	1842053	0.408	0.152	0.22848	High
chr8	4265362	4267425	0.258	0.184	0.114036	High
chr8	4364527	4364866	0.44	0.303	0.32692	High
chr8	5083701	5083997	0.275	0.313	0.1617	High
chr8	6790659	6790798	0.077	0.162	0.018403	High
chr8	7748389	7748754	0.124	0.059	0.022692	High
chr8	11969428	11969732	0.729	0.425	0.841266	High
chr8	12013862	12014738	-0.462	-0.482	0.436128	Low
chr8	15529781	15530083	0.244	0.179	0.103212	High
chr8	18793941	18794914	0.087	0.129	0.018792	High
chr8	25114917	25133427	0.202	0.303	0.10201	High
chr8	34528514	34528637	0.341	0.181	0.178002	High
chr8	39907795	39908126	0.451	0.227	0.305778	High
chr8	40917103	40922258	-0.559	-0.108	0.372853	Low
chr8	42520414	42522788	0.118	0.018	0.016048	High
chr8	51534514	51534652	0.149	-0.009	0.02086	Others
chr8	51534782	51534933	0.083	0.046	0.010707	High
chr8	53292322	53292637	0.251	0.289	0.13554	High
chr8	68505432	68505753	0.626	0.343	0.606594	High
chr8	69445378	69445690	0.303	0.445	0.226644	High
chr8	71639170	71639503	0.369	0.258	0.231363	High
chr8	85043420	85043753	0.277	0.249	0.145702	High
chr8	85747538	85753710	-0.218	-0.146	0.079352	Low
chr8	85750087	85761613	-0.183	0.059	0.022692	Others
chr8	85780557	85783641	-0.255	0.036	0.055845	Others
chr8	93060117	93064963	-0.309	0.149	0.04944	Others
chr8	100972868	100980905	-0.188	-0.096	0.053392	Low
chr8	102429238	102429646	0.619	0.006	0.386875	High
chr8	106498865	106499189	0.095	0.389	0.04598	High
chr8	106716327	106716656	0.38	0.002	0.14516	High
chr8	109498078	109498399	0.302	0.189	0.148282	High
chr8	111281822	111284909	-0.247	0.058	0.046683	Others
chr8	118434805	118435115	0.092	0.229	0.029532	High
chr8	120669432	120669750	0.421	0.018	0.184819	High
chr8	120860364	120862176	-0.135	-0.413	0.07398	Low
chr8	122036167	122036496	-0.349	0.285	0.022336	Others
chr8	123315035	123315434	0.218	0.008	0.049268	High
chr8	134070670	134076771	0.171	0.138	0.052839	High
chr8	134455121	134455216	0.445	0.315	0.3382	High
chr8	136704570	136704895	0.442	0.103	0.24089	High
chr8	139960609	139962905	0.233	-0.033	0.0466	Others
chr8	141632966	141634091	-0.116	-0.027	0.016588	Low
chr8	141633413	141634583	-0.481	-0.109	0.28379	Low
chr8	142390616	142390739	0.343	-0.003	0.11662	Others
chr8	142413417	142414317	0.231	0.191	0.097482	High
chr8	142500261	142500329	-0.738	-0.244	0.724716	Low
chr9	380146	380511	0.711	0.085	0.565956	High
chr9	3472173	3476759	-0.343	-0.525	0.297724	Low
chr9	5441903	5446407	-0.077	-0.059	0.010472	Low
chr9	10136559	10137719	0.245	0.145	0.09555	High
chr9	12556833	12559645	-0.194	-0.14	0.064796	Low
chr9	16389396	16389731	0.23	0.378	0.13984	High
chr9	23362803	23377684	0.08	0.073	0.01224	High
chr9	24791771	24792083	0.256	0.435	0.176896	High
chr9	29092576	29098015	-0.305	0.175	0.03965	Others
chr9	32694067	32694144	0.183	0.178	0.066063	High
chr9	33213072	33213930	0.327	0.017	0.112488	High
chr9	34074873	34075195	-0.132	0.054	0.010296	Others
chr9	34181521	34182272	0.437	0.173	0.26657	High
chr9	40305534	40314673	-0.361	-0.075	0.157396	Low
chr9	40561933	40566035	0.82	0.352	0.96104	High
chr9	40847866	40849232	0.16	0.001	0.02576	High
chr9	40923187	40924333	0.084	0.037	0.010164	High
chr9	41556349	41556665	0.125	0.439	0.0705	High
chr9	42387013	42387324	0.303	0.134	0.132411	High
chr9	42402280	42402616	0.256	0.169	0.1088	High
chr9	43153458	43156743	0.1	0.155	0.0255	High
chr9	43169572	43170777	-0.161	-0.079	0.03864	Low
chr9	43179583	43179924	-0.194	0.066	0.024832	Others
chr9	43204920	43207137	-0.139	-0.184	0.044897	Low
chr9	60563078	60563584	0.094	0.179	0.025662	High
chr9	61536130	61536207	0.091	0.195	0.026026	High
chr9	63068308	63071283	0.305	0.125	0.13115	High
chr9	63827003	63828076	-0.102	-0.023	0.01275	Low
chr9	64321827	64322141	0.372	0.372	0.276768	High
chr9	64446881	64450777	0.437	-0.008	0.187473	Others
chr9	64968815	64969498	-0.142	0.033	0.015478	Others
chr9	65196053	65196117	0.248	-0.104	0.035712	Others
chr9	66129155	66144582	-0.138	-0.194	0.045816	Low
chr9	67798722	67799032	0.578	0.273	0.491878	High
chr9	68322177	68322565	-0.445	-0.024	0.208705	Low
chr9	69163010	69163327	0.385	0.042	0.164395	High
chr9	69189602	69190075	0.306	0.111	0.127602	High
chr9	74909234	74909420	0.295	0.222	0.152515	High
chr9	76121810	76122121	0.422	0.244	0.281052	High
chr9	82418930	82419271	0.273	0.594	0.236691	High
chr9	86539751	86540907	-0.293	0.016	0.081161	Others
chr9	87758354	87758558	0.24	0.037	0.06648	High
chr9	91121080	91121401	0.329	0.182	0.168119	High
chr9	97998776	97999105	0.262	0.092	0.092748	High
chr9	98266466	98266796	0.357	0.177	0.190638	High
chr9	98447048	98447361	0.294	0.439	0.215502	High
chr9	98546761	98549381	0.131	0.05	0.023711	High
chr9	103806019	103807447	-0.126	-0.181	0.038682	Low
chr9	104638692	104639005	0.166	0.568	0.121844	High
chr9	106261835	106262145	0.238	0.148	0.091868	High
chr9	110714891	110717824	-0.673	-0.247	0.61916	Low
chr9	112514820	112514949	0.169	0.005	0.029406	High
chr9	113900688	113900804	0.177	0.212	0.068853	High
chr9	113900794	113901027	0.235	0.119	0.08319	High
chr9	114319730	114321100	-0.226	-0.005	0.052206	Low
chr9	120494746	120497451	0.161	0.006	0.026887	High
chr9	128138821	128139778	0.187	0.068	0.047685	High
chr9	130507738	130512032	-0.311	-0.286	0.185667	Low
chr9	133071240	133071338	0.266	0.063	0.087514	High
chr9	133300117	133300200	-0.171	-0.011	0.031122	Low
chr9	133827434	133828256	0.096	0.064	0.01536	High
chr9	134116910	134118417	0.172	0.005	0.030444	High
chr9	134464568	134466505	0.296	0.485	0.231176	High
chr9	134792840	134792909	0.26	0.282	0.14092	High
chr9	134849332	134849715	0.255	0.071	0.08313	High
chr9	135285644	135285891	0.245	0.123	0.09016	High
chr9	135548977	135549104	0.157	0.399	0.087292	High
chr9	136251862	136251946	0.195	0.144	0.066105	High
chr9	136769362	136769647	-0.23	-0.063	0.06739	Low
chr9	136803010	136803279	0.109	0.35	0.050031	High
chr9	137329706	137329813	0.111	0.042	0.016983	High
chr9	137359057	137361506	-0.225	-0.045	0.06075	Low
chr9	137818899	137819503	0.203	0.07	0.055419	High
chr10	367893	368182	-0.223	-0.35	0.127779	Low
chr10	736930	738233	-0.104	-0.032	0.014144	Low
chr10	737869	738308	-0.293	-0.067	0.10548	Low
chr10	793885	794187	0.149	0.066	0.032035	High
chr10	1340464	1340589	0.268	0.134	0.107736	High
chr10	1409634	1410078	0.255	0.081	0.08568	High
chr10	2522009	2522142	0.065	0.104	0.010985	High
chr10	2522246	2522587	0.446	0.087	0.237718	High
chr10	6055407	6055904	0.138	0.617	0.10419	High
chr10	6210002	6210956	0.764	0.056	0.62648	High
chr10	9273072	9273270	0.095	0.124	0.020805	High
chr10	9407658	9407871	0.323	0.066	0.125647	High
chr10	10451446	10451768	0.242	0.436	0.164076	High
chr10	14894349	14894665	0.495	0.033	0.26136	High
chr10	15490465	15490774	0.114	0.228	0.038988	High
chr10	17268711	17271724	0.102	0.154	0.026112	High
chr10	17271745	17273509	0.139	0.12	0.036001	High
chr10	18214146	18214659	0.216	0.27	0.104976	High
chr10	19108379	19108715	0.48	0.484	0.46272	High
chr10	27823846	27824161	0.243	0.455	0.169614	High
chr10	33203712	33204000	0.283	0.276	0.158197	High
chr10	34395540	34395864	0.243	0.121	0.088452	High
chr10	36122939	36123257	0.31	0.434	0.23064	High
chr10	38785984	38786143	-0.183	-0.122	0.055815	Low
chr10	39502360	39517846	-0.191	0.009	0.034762	Others
chr10	39572450	39572759	0.149	0.187	0.050064	High
chr10	41500070	41500407	-0.142	-0.198	0.04828	Low
chr10	42103898	42104015	0.354	0.017	0.131334	High
chr10	42137464	42139116	0.064	0.463	0.033728	High
chr10	42167803	42168266	0.143	0.074	0.031031	High
chr10	42168512	42171827	0.113	0.014	0.014351	High
chr10	42171076	42171844	0.174	0.194	0.064032	High
chr10	42847620	42847746	0.28	0.092	0.10416	High
chr10	45870397	45870543	0.418	0.032	0.1881	High
chr10	53101050	53101368	0.416	0.186	0.250432	High
chr10	61983855	61984032	0.116	0.164	0.03248	High
chr10	62947794	62948312	0.334	0.086	0.14028	High
chr10	69026573	69027555	-0.201	-0.159	0.07236	Low
chr10	70687100	70687178	0.373	0.074	0.166731	High
chr10	70688979	70691577	-0.205	-0.158	0.074415	Low
chr10	76586831	76591818	-0.12	-0.058	0.02136	Low
chr10	79714291	79745438	0.43	-0.013	0.17931	Others
chr10	79936080	79936234	0.23	-0.084	0.03358	Others
chr10	98152472	98152741	0.212	0.011	0.047276	High
chr10	98663737	98664626	-0.445	-0.039	0.21538	Low
chr10	109276619	109276938	0.071	0.511	0.041322	High
chr10	111431790	111432099	0.264	0.144	0.107712	High
chr10	121729665	121729978	0.198	0.212	0.08118	High
chr10	130300839	130301390	0.213	0.178	0.083283	High
chr10	130301592	130301705	0.204	0.094	0.060792	High
chr10	131042723	131042931	0.314	0.137	0.141614	High
chr10	131228310	131228622	-0.595	-0.414	0.600355	Low
chr10	131289536	131289900	0.157	0.041	0.031086	High
chr10	131344311	131344561	0.252	0.229	0.121212	High
chr10	132061190	132061264	0.304	0.42	0.220096	High
chr10	132254550	132254759	0.237	0.116	0.083661	High
chr10	132358383	132358527	0.083	0.089	0.014276	High
chr10	132358763	132358933	0.157	0.044	0.031557	High
chr10	132792533	132792711	0.203	0.267	0.09541	High
chr10	132792635	132792741	0.17	0.251	0.07157	High
chr10	132799302	132799401	0.398	0.107	0.20099	High
chr10	132914358	132914456	0.118	0.069	0.022066	High
chr10	132983009	132983542	0.136	0.019	0.02108	High
chr10	133111430	133111764	0.109	0.193	0.032918	High
chr10	133137677	133138759	-0.255	-0.119	0.09537	Low
chr10	133291288	133292478	0.326	0.002	0.106928	High
chr10	133477276	133479623	0.499	-0.028	0.235029	Others
chr11	309457	310163	0.06	0.305	0.0219	High
chr11	363171	363258	0.11	0.206	0.03476	High
chr11	363572	363657	0.395	0.235	0.24885	High
chr11	400949	401118	-0.441	-0.17	0.269451	Low
chr11	677316	677769	0.244	0.004	0.060512	High
chr11	735933	736038	0.358	0.008	0.131028	High
chr11	736254	736467	0.125	0.011	0.017	High
chr11	1346520	1346631	-0.381	-0.273	0.249174	Low
chr11	1432505	1432645	0.283	-0.012	0.076693	Others
chr11	1894026	1915748	-0.217	-0.176	0.085281	Low
chr11	2938200	2938375	0.241	-0.003	0.057358	Others
chr11	4137962	4138039	0.417	0.006	0.176391	High
chr11	17174292	17174604	0.189	0.014	0.038367	High
chr11	41800730	41801056	0.251	0.385	0.159636	High
chr11	42790871	42797022	-0.49	0.133	0.17493	Others
chr11	47892815	47893174	0.216	0.029	0.05292	High
chr11	48098509	48098817	0.549	0.201	0.41175	High
chr11	54546319	54547169	-0.51	-0.117	0.31977	Low
chr11	56943393	56944763	-0.176	-0.222	0.070048	Low
chr11	60622559	60622763	0.084	0.038	0.010248	High
chr11	65874636	65876047	0.103	0.813	0.094348	High
chr11	66944010	66945814	-0.11	-0.012	0.01342	Low
chr11	68390682	68390733	0.133	0.028	0.021413	High
chr11	71167970	71168322	0.414	0.047	0.190854	High
chr11	76692548	76692794	0.293	0.251	0.159392	High
chr11	93946063	93948256	0.416	0.346	0.316992	High
chr11	105894779	105895097	0.188	0.522	0.13348	High
chr11	110105974	110106299	0.208	0.006	0.044512	High
chr11	114961062	114961131	0.54	0.398	0.50652	High
chr11	119848804	119849091	0.068	0.267	0.02278	High
chr11	124250538	124251388	-0.225	0.09	0.030375	Others
chr11	129563411	129563648	0.454	0.447	0.409054	High
chr11	132071055	132071158	-0.201	0.077	0.024924	Others
chr11	134046061	134046150	0.222	0.305	0.116994	High
chr11	134961866	134961944	0.085	0.121	0.01751	High
chr11	135041123	135041232	0.179	0.106	0.051015	High
chr11	135041523	135041719	0.162	-0.035	0.020574	Others
chr11	135041957	135042231	0.182	0.034	0.039312	High
chr12	1085899	1087718	0.096	0.11	0.019776	High
chr12	1328824	1329443	0.062	0.115	0.010974	High
chr12	2106221	2107182	-0.159	-0.026	0.029415	Low
chr12	2843755	2844199	0.596	0.007	0.359388	High
chr12	5112656	5114286	-0.591	-0.066	0.388287	Low
chr12	7199889	7200029	0.242	0.008	0.0605	High
chr12	7979751	7980264	0.114	0.062	0.020064	High
chr12	7980072	7980590	0.219	-0.017	0.044238	Others
chr12	8405890	8438286	-0.142	-0.004	0.020732	Low
chr12	18369507	18369716	0.108	0.118	0.024408	High
chr12	20709585	20709922	0.297	0.213	0.15147	High
chr12	22422266	22428905	-0.128	-0.356	0.061952	Low
chr12	27281054	27281384	0.495	0.056	0.272745	High
chr12	29420474	29420814	0.212	0.527	0.156668	High
chr12	29691448	29693501	-0.547	-0.454	0.547547	Low
chr12	31799225	31801551	0.206	0.02	0.046556	High
chr12	33562183	33564029	-0.34	-0.059	0.13566	Low
chr12	34772915	34773593	-0.117	-0.094	0.024687	Low
chr12	34774526	34774865	0.113	0.116	0.025877	High
chr12	34775633	34776311	-0.045	-0.211	0.01152	Low
chr12	34776549	34777225	0.271	0.202	0.128183	High
chr12	34787056	34787395	0.21	0.165	0.07875	High
chr12	34797155	34797492	-0.084	-0.044	0.010752	Low
chr12	47634470	47634562	0.078	0.088	0.012948	High
chr12	49878063	49879324	0.31	0.102	0.12772	High
chr12	52409924	52410022	0.293	0.153	0.130678	High
chr12	55333425	55334398	-0.297	0.102	0.057915	Others
chr12	56789518	56789567	0.232	-0.001	0.053592	Others
chr12	58328124	58336612	0.206	0.099	0.06283	High
chr12	59548539	59550113	-0.226	-0.271	0.112322	Low
chr12	66133855	66136095	0.12	0.048	0.02016	High
chr12	83565438	83565753	0.243	0.362	0.147015	High
chr12	85175470	85176687	0.096	0.172	0.025728	High
chr12	86856045	86856193	0.218	0.294	0.111616	High
chr12	113245306	113245624	0.497	0.055	0.274344	High
chr12	114064028	114064385	0.049	0.244	0.014357	High
chr12	119918428	119918650	0.101	0.105	0.020806	High
chr12	120963881	120964169	0.091	0.112	0.018473	High
chr12	122124331	122124413	0.386	0.236	0.240092	High
chr12	126180672	126180928	-0.506	-0.188	0.351164	Low
chr12	126298957	126305050	0.232	0.12	0.081664	High
chr12	126420555	126420868	0.309	0.242	0.170259	High
chr12	127018079	127018306	0.386	0.294	0.26248	High
chr12	128846280	128846388	0.244	-0.023	0.053924	Others
chr12	129310949	129311229	0.105	0.21	0.033075	High
chr12	129856730	129856863	-0.071	-0.075	0.010366	Low
chr12	129857542	129857710	0.182	0.039	0.040222	High
chr12	129858685	129858789	0.371	-0.089	0.104622	Others
chr12	130997380	130997459	0.243	0.024	0.064881	High
chr12	131366894	131367432	0.224	0.252	0.106624	High
chr12	131428726	131429207	-0.271	-0.076	0.094037	Low
chr12	131647606	131648541	0.219	0.262	0.105339	High
chr12	131649717	131650179	-0.405	-0.388	0.321165	Low
chr12	131701101	131701520	-0.3	0.034	0.0798	Others
chr12	132149006	132150364	0.196	0.01	0.040376	High
chr12	132234682	132235065	0.129	-0.039	0.01161	Others
chr12	132295827	132295878	0.043	0.212	0.010965	High
chr12	132303715	132304690	0.125	0.12	0.030625	High
chr12	132358817	132358930	0.066	0.154	0.01452	High
chr12	132359043	132359259	0.107	0.078	0.019795	High
chr12	132359058	132359206	0.186	0.06	0.045756	High
chr12	132392271	132392441	0.257	0.122	0.097403	High
chr12	132472867	132472947	0.196	0.274	0.09212	High
chr12	132473094	132473213	0.281	0.203	0.136004	High
chr12	132473390	132473631	0.285	0.065	0.09975	High
chr12	132563822	132563902	-0.167	-0.081	0.041416	Low
chr12	132564676	132564810	0.788	0.081	0.684772	High
chr12	132793238	132793517	0.339	-0.012	0.110853	Others
chr13	21949377	21949708	0.13	0.316	0.05798	High
chr13	23483517	23483850	0.262	0.14	0.105324	High
chr13	24136815	24137128	0.535	0.262	0.426395	High
chr13	25146879	25147197	0.213	0.236	0.095637	High
chr13	29148457	29148776	0.233	0.543	0.180808	High
chr13	29641686	29647706	-0.425	-0.179	0.2567	Low
chr13	30839252	30839605	0.257	0.204	0.118477	High
chr13	38483178	38486063	0.057	0.22	0.015789	High
chr13	40696975	40697286	0.894	0.041	0.83589	High
chr13	48959377	48962472	-0.107	-0.004	0.011877	Low
chr13	48960647	48962484	-0.261	-0.143	0.105444	Low
chr13	50977798	50978126	0.214	0.007	0.047294	High
chr13	51078202	51078297	0.559	0.04	0.334841	High
chr13	51561218	51563478	-0.535	-0.432	0.517345	Low
chr13	63069051	63069352	0.16	0.207	0.05872	High
chr13	73575270	73575369	0.388	0.058	0.173048	High
chr13	76065137	76065463	0.163	0.317	0.07824	High
chr13	88420993	88421283	0.231	0.401	0.145992	High
chr13	89769113	89769265	0.192	0.206	0.076416	High
chr13	90495892	90495992	0.279	-0.023	0.071424	Others
chr13	94392631	94392768	-0.588	-0.398	0.579768	Low
chr13	101241792	101244072	-0.313	0.28	0.010329	Others
chr13	103279293	103279607	0.601	0.177	0.467578	High
chr13	104653981	104654708	-0.325	-0.206	0.172575	Low
chr13	108709397	108710088	-0.431	-0.044	0.204725	Low
chr13	110457026	110457150	0.068	0.145	0.014484	High
chr13	112863463	112863787	0.25	0.02	0.0675	High
chr13	113025493	113026185	-0.371	-0.251	0.230762	Low
chr13	113068726	113068857	0.202	0.007	0.042218	High
chr13	113108009	113108349	0.489	0.115	0.295356	High
chr13	113108759	113108843	0.551	0.046	0.328947	High
chr13	113108929	113109064	0.204	0.035	0.048756	High
chr13	113314748	113315129	0.45	0.012	0.2079	High
chr13	113725259	113725825	-0.709	-0.407	0.791244	Low
chr13	113745716	113745831	-0.092	-0.077	0.015548	Low
chr13	113752289	113752648	0.072	0.073	0.01044	High
chr13	113831721	113831872	-0.178	-0.094	0.048416	Low
chr13	114019945	114020060	-0.103	-0.081	0.018952	Low
chr13	114111271	114111460	0.056	0.242	0.016688	High
chr13	114117125	114117277	0.602	0.03	0.380464	High
chr13	114231078	114231248	0.436	0.38	0.355776	High
chr14	18901837	18902123	0.333	0.389	0.240426	High
chr14	19408948	19411601	-0.327	-0.211	0.175926	Low
chr14	19434943	19435000	0.139	0.189	0.045592	High
chr14	20505743	20505898	0.246	0.109	0.08733	High
chr14	22638776	22640002	0.182	-0.01	0.031304	Others
chr14	24010055	24015416	0.273	-0.228	0.012285	Others
chr14	39083729	39084191	0.148	-0.051	0.014356	Others
chr14	45635575	45635648	0.265	0.082	0.091955	High
chr14	45823426	45823736	-0.068	-0.131	0.013532	Low
chr14	46964910	46965221	0.442	0.509	0.420342	High
chr14	50073401	50074939	0.933	0.1	0.963789	High
chr14	50942181	50942811	0.229	0.167	0.090684	High
chr14	59874679	59876522	-0.24	0.117	0.02952	Others
chr14	65060426	65060709	0.25	0.007	0.06425	High
chr14	66545477	66545574	0.26	-0.009	0.06526	Others
chr14	70854243	70854535	0.217	0.27	0.105679	High
chr14	75407798	75408637	0.32	0.126	0.14272	High
chr14	77220922	77221294	0.309	0.253	0.173658	High
chr14	81411793	81414177	0.17	0.087	0.04369	High
chr14	82553257	82553537	0.461	0.269	0.33653	High
chr14	84830764	84835810	0.169	0.111	0.04732	High
chr14	88423674	88423830	0.307	0.198	0.155035	High
chr14	90525388	90525993	0.115	0.174	0.033235	High
chr14	92870597	92872377	-0.103	-0.153	0.026368	Low
chr14	99520402	99520523	0.112	0.438	0.0616	High
chr14	100378660	100378992	0.175	0.371	0.09555	High
chr14	101524529	101524864	0.119	0.228	0.041293	High
chr14	104208723	104208960	0.392	0.228	0.24304	High
chr14	104251365	104251458	0.29	0.036	0.09454	High
chr14	104429904	104430118	0.081	0.277	0.028998	High
chr14	104430159	104430410	0.224	0.259	0.108192	High
chr14	104905206	104905420	0.286	0.088	0.106964	High
chr14	104906821	104906949	0.142	0.168	0.04402	High
chr14	104945515	104946009	-0.108	-0.087	0.02106	Low
chr14	105033580	105033640	-0.455	-0.233	0.31304	Low
chr14	105039960	105040707	0.297	-0.006	0.086427	Others
chr14	105074562	105075235	-0.231	-0.3	0.122661	Low
chr14	105276945	105277209	0.66	-0.009	0.42966	Others
chr15	17243467	17247556	-0.167	0.107	0.01002	Others
chr15	18800337	18800848	0.089	0.113	0.017978	High
chr15	22223664	22223984	-0.121	-0.088	0.025289	Low
chr15	22223890	22224543	-0.228	0.14	0.020064	Others
chr15	22890630	22890751	0.329	0.078	0.133903	High
chr15	24104720	24104927	0.198	0.323	0.103158	High
chr15	25087802	25088943	0.268	0.295	0.150884	High
chr15	25686249	25687232	0.351	-0.157	0.068094	Others
chr15	34449544	34449822	0.106	0.07	0.018656	High
chr15	34558804	34560836	0.137	-0.029	0.014796	Others
chr15	35867929	35870013	0.277	0.099	0.104152	High
chr15	49549916	49550013	0.068	0.196	0.017952	High
chr15	51293986	51294257	0.785	0.079	0.67824	High
chr15	52232986	52233318	-0.65	-0.426	0.6994	Low
chr15	56110748	56110952	0.11	0.006	0.01276	High
chr15	62332165	62332595	0.285	0.24	0.149625	High
chr15	62413893	62415592	-0.15	-0.023	0.02595	Low
chr15	67242127	67242460	0.033	0.584	0.020361	High
chr15	68860147	68860323	0.244	0.049	0.071492	High
chr15	71699206	71699437	0.04	0.463	0.02012	High
chr15	72806867	72806993	0.035	0.268	0.010605	High
chr15	75574969	75575271	0.114	0.013	0.014478	High
chr15	78556721	78558360	0.197	0.009	0.040582	High
chr15	79599501	79599821	0.465	0.348	0.378045	High
chr15	79619244	79619555	0.207	0.174	0.078867	High
chr15	82997738	82997867	0.586	0.035	0.363906	High
chr15	83105121	83105449	0.116	0.162	0.032248	High
chr15	85559654	85559748	0.477	0.038	0.245655	High
chr15	89950542	89950703	0.154	0.178	0.051128	High
chr15	90819208	90819348	0.031	0.438	0.014539	High
chr15	90858866	90859185	0.325	0.271	0.1937	High
chr15	91438854	91440153	-0.247	-0.064	0.076817	Low
chr15	92768558	92768631	0.08	0.057	0.01096	High
chr15	99799961	99800090	0.892	0.051	0.841156	High
chr15	100070001	100071567	-0.501	-0.372	0.437373	Low
chr15	100801282	100802164	-0.392	-0.116	0.199136	Low
chr15	100912862	100913170	0.164	0.083	0.040508	High
chr15	101086138	101086199	0.065	0.232	0.019305	High
chr15	101753496	101753592	0.085	0.105	0.01615	High
chr16	922851	922915	0.143	0.138	0.040183	High
chr16	950297	950449	-0.186	-0.066	0.046872	Low
chr16	961942	962015	0.179	0.009	0.033652	High
chr16	1043224	1043581	-0.219	-0.025	0.053436	Low
chr16	1737989	1738502	0.21	0.004	0.04494	High
chr16	2297941	2298180	-0.16	-0.099	0.04144	Low
chr16	8954012	8954088	0.289	-0.034	0.073695	Others
chr16	11493824	11493883	0.254	-0.003	0.063754	Others
chr16	11493937	11494115	-0.477	-0.453	0.44361	Low
chr16	15154971	15155977	-0.724	0.058	0.482184	Others
chr16	20767219	20767538	0.783	0.005	0.617004	High
chr16	21835108	21835233	-0.201	-0.207	0.082008	Low
chr16	21836536	21836661	-0.747	0.09	0.490779	Others
chr16	22536124	22536210	-0.504	-0.612	0.562464	Low
chr16	22539498	22539810	0.317	0.059	0.119192	High
chr16	24574842	24574997	0.457	0.008	0.212505	High
chr16	29381749	29381874	-0.816	-0.336	0.940032	Low
chr16	29383311	29383436	0.094	0.302	0.037224	High
chr16	30225132	30225245	0.167	0.159	0.054442	High
chr16	34185916	34187626	-0.424	-0.045	0.198856	Low
chr16	36101940	36102359	0.258	0.061	0.082302	High
chr16	36312625	36312966	-0.114	-0.166	0.03192	Low
chr16	36315102	36315778	0.118	0.249	0.043306	High
chr16	36316152	36316493	-0.15	-0.116	0.0399	Low
chr16	36318573	36319941	0.086	0.062	0.012728	High
chr16	36325116	36326139	-0.158	-0.065	0.035234	Low
chr16	36331848	36332222	0.067	0.164	0.015477	High
chr16	36333312	36334026	0.121	0.122	0.029403	High
chr16	36334086	36334536	-0.21	-0.309	0.10899	Low
chr16	36335504	36335845	0.25	0.261	0.12775	High
chr16	37731754	37732093	-0.187	-0.013	0.0374	Low
chr16	48782956	48783273	0.353	0.311	0.234392	High
chr16	49002161	49002295	0.259	0.471	0.18907	High
chr16	49814113	49814825	0.114	0.233	0.039558	High
chr16	49945485	49945798	0.359	0.508	0.311253	High
chr16	58256998	58257315	0.214	0.057	0.057994	High
chr16	58639908	58643408	-0.24	-0.005	0.0588	Low
chr16	58710716	58710801	0.278	0.126	0.112312	High
chr16	58993694	58994110	0.24	0.24	0.1152	High
chr16	62012957	62013289	0.093	0.154	0.022971	High
chr16	75395948	75396788	0.22	-0.138	0.01804	Others
chr16	80434733	80435045	0.129	0.28	0.052761	High
chr16	81140231	81140738	-0.194	-0.152	0.067124	Low
chr16	82130591	82130826	0.366	0.134	0.183	High
chr16	84050651	84050849	0.21	-0.013	0.04137	Others
chr16	85208798	85208897	0.778	0.059	0.651186	High
chr16	85552273	85552579	0.375	0.101	0.1785	High
chr16	88206801	88206926	0.146	0.188	0.048764	High
chr16	88206896	88207425	0.258	0.176	0.111972	High
chr16	88278629	88278788	0.228	-0.04	0.042864	Others
chr16	88281113	88281267	-0.256	-0.264	0.13312	Low
chr16	88741723	88741902	0.232	0.071	0.070296	High
chr16	88771801	88772000	-0.757	-0.195	0.720664	Low
chr16	88823462	88823543	0.12	0.093	0.02556	High
chr16	88933252	88933629	0.654	-0.01	0.421176	Others
chr16	89083832	89084092	0.443	0.119	0.248966	High
chr16	89165867	89166182	0.197	-0.089	0.021276	Others
chr16	89166513	89166672	-0.362	-0.183	0.19729	Low
chr16	89233291	89233382	0.586	0.029	0.36039	High
chr16	89421265	89421414	0.095	0.057	0.01444	High
chr16	89429172	89429885	0.153	-0.008	0.022185	Others
chr16	89901755	89902227	0.689	0.006	0.478855	High
chr16	90003525	90003689	0.117	0.02	0.016029	High
chr16	90052466	90052605	0.089	0.127	0.019224	High
chr16	90217832	90218795	-0.308	-0.152	0.14168	Low
chr16	90218987	90223623	0.114	0.048	0.018468	High
chr17	124211	124779	-0.704	-0.039	0.523072	Low
chr17	253675	253875	0.048	0.185	0.011184	High
chr17	256060	256206	0.15	-0.039	0.01665	Others
chr17	273288	273510	-0.307	-0.199	0.155342	Low
chr17	753166	753256	0.018	0.695	0.012834	High
chr17	835684	836083	0.215	0.119	0.07181	High
chr17	898388	898987	-0.199	0.084	0.022885	Others
chr17	1243000	1244344	0.224	0.172	0.088704	High
chr17	1310310	1310857	0.073	0.108	0.013213	High
chr17	1310954	1311041	-0.196	0.098	0.019208	Others
chr17	1549484	1549840	0.301	0.018	0.096019	High
chr17	2009406	2010269	-0.144	0.043	0.014544	Others
chr17	2816634	2817922	0.319	0.205	0.167156	High
chr17	3000638	3001132	0.137	-0.035	0.013974	Others
chr17	3031425	3031901	-0.258	-0.489	0.192726	Low
chr17	5561418	5561741	0.321	0.014	0.107535	High
chr17	5691302	5691674	-0.082	-0.117	0.016318	Low
chr17	5692384	5694177	0.176	0.091	0.046992	High
chr17	6030286	6030602	0.084	0.39	0.039816	High
chr17	8810045	8811943	0.331	-0.006	0.107575	Others
chr17	10300103	10300453	0.401	0.289	0.27669	High
chr17	10988491	10989754	0.173	0.134	0.053111	High
chr17	11654053	11654373	0.09	0.129	0.01971	High
chr17	13628366	13629375	-0.24	-0.152	0.09408	Low
chr17	15280141	15282377	-0.311	0.023	0.089568	Others
chr17	17442970	17443019	0.888	0.017	0.80364	High
chr17	19506812	19507118	-0.078	-0.1	0.013884	Low
chr17	19998991	19999393	0.071	0.208	0.019809	High
chr17	21309594	21317869	-0.147	-0.209	0.052332	Low
chr17	21678687	21679846	0.075	0.077	0.0114	High
chr17	21844168	21844221	0.231	0.004	0.054285	High
chr17	21846235	21847320	-0.398	-0.324	0.287356	Low
chr17	22406336	22407405	0.34	0.006	0.11764	High
chr17	26619495	26621872	-0.27	0.017	0.06831	Others
chr17	26811753	26811926	-0.3	-0.292	0.1776	Low
chr17	26964339	26969432	-0.254	-0.076	0.08382	Low
chr17	30859685	30860047	0.399	-0.026	0.148827	Others
chr17	33150686	33150866	0.189	0.4	0.111321	High
chr17	34838353	34838491	-0.423	-0.093	0.218268	Low
chr17	43266286	43277638	0.371	-0.277	0.034874	Others
chr17	48866926	48872430	-0.133	-0.178	0.041363	Low
chr17	50350142	50350525	0.406	0.015	0.170926	High
chr17	59792854	59793822	0.205	0.02	0.046125	High
chr17	64135819	64136790	0.302	0.097	0.120498	High
chr17	66934423	66934738	0.172	0.329	0.086172	High
chr17	67451799	67452653	-0.32	0.075	0.0784	Others
chr17	67731238	67731513	0.261	-0.011	0.06525	Others
chr17	68552650	68552979	0.564	0.086	0.3666	High
chr17	73726403	73726816	0.042	0.264	0.012852	High
chr17	76706212	76706295	0.836	0.06	0.749056	High
chr17	81022711	81022910	-0.281	-0.313	0.166914	Low
chr17	81209713	81209992	0.186	0.029	0.03999	High
chr17	81209888	81210062	0.412	-0.007	0.16686	Others
chr17	81503458	81504444	0.766	0.102	0.664888	High
chr17	83121037	83121316	0.034	0.35	0.013056	High
chr17	83135543	83135593	0.615	0.023	0.39237	High
chr18	514989	515235	0.417	-0.022	0.164715	Others
chr18	9385393	9385716	0.267	0.003	0.07209	High
chr18	12979959	12980328	0.416	0.002	0.173888	High
chr18	15827998	15828672	0.107	0.2	0.032849	High
chr18	17282859	17283533	0.131	0.032	0.021353	High
chr18	20617869	20620927	-0.088	-0.044	0.011616	Low
chr18	20626621	20629852	0.074	0.069	0.010582	High
chr18	20631385	20632575	0.138	0.01	0.020424	High
chr18	20644037	20644887	-0.319	-0.237	0.177364	Low
chr18	20706928	20708803	0.163	0.15	0.051019	High
chr18	20718654	20719504	0.177	0.108	0.050445	High
chr18	20750497	20753005	-0.078	-0.108	0.014508	Low
chr18	20750892	20752549	-0.36	-0.372	0.26352	Low
chr18	20768379	20769398	-0.104	-0.1	0.021216	Low
chr18	20772121	20773141	-0.152	-0.193	0.05244	Low
chr18	20917798	20917963	-0.23	-0.136	0.08418	Low
chr18	25312516	25312839	0.231	0.482	0.164703	High
chr18	26466001	26466079	0.222	0.014	0.052392	High
chr18	26829375	26829769	0.151	0.104	0.038505	High
chr18	26991656	26992376	0.126	0.095	0.027846	High
chr18	31960565	31960642	0.176	0.01	0.032736	High
chr18	34166741	34167077	0.32	0.224	0.17408	High
chr18	45258142	45258843	-0.59	-0.175	0.45135	Low
chr18	47033994	47034569	0.199	-0.14	0.011741	Others
chr18	51670367	51672502	0.25	0.163	0.10325	High
chr18	55799930	55800242	0.366	0.299	0.24339	High
chr18	57279506	57281485	-0.685	-0.106	0.541835	Low
chr18	57642525	57642626	0.184	0.025	0.038456	High
chr18	60009771	60020723	-0.198	0.143	0.01089	Others
chr18	67291776	67300023	0.196	0.045	0.047236	High
chr18	68537505	68539682	-0.4	-0.125	0.21	Low
chr18	71411170	71411825	-0.068	-0.114	0.012376	Low
chr18	73311611	73311925	0.466	0.252	0.334588	High
chr18	75591053	75591370	0.338	0.014	0.118976	High
chr18	76645438	76645593	0.336	0.094	0.14448	High
chr18	76653407	76653712	0.324	0.275	0.194076	High
chr18	78442119	78443337	-0.36	-0.057	0.15012	Low
chr18	78654132	78654565	0.285	0.004	0.082365	High
chr18	78717566	78717635	0.14	0.124	0.03696	High
chr18	78782422	78782540	0.133	0.121	0.033782	High
chr18	78835263	78835784	0.323	0.164	0.157301	High
chr18	79473921	79473998	0.171	0.025	0.033516	High
chr18	79549941	79552080	0.055	0.138	0.010615	High
chr18	79826418	79826483	0.071	0.319	0.02769	High
chr18	80071207	80072154	0.157	0.086	0.038151	High
chr18	80072887	80073230	-0.072	-0.133	0.01476	Low
chr19	198620	198716	0.133	0.12	0.033649	High
chr19	299449	300382	-0.153	-0.043	0.029988	Low
chr19	332994	333690	0.488	0.013	0.244488	High
chr19	381750	381933	-0.369	-0.505	0.322506	Low
chr19	404091	404314	-0.587	-0.654	0.728467	Low
chr19	410763	410910	0.106	0.777	0.093598	High
chr19	423254	423557	-0.061	-0.21	0.016531	Low
chr19	427573	427697	-0.077	-0.271	0.026796	Low
chr19	458278	458340	0.536	0.128	0.355904	High
chr19	818938	819255	0.505	0.011	0.26058	High
chr19	981263	981580	0.067	0.319	0.025862	High
chr19	1950285	1951825	-0.106	0.007	0.010494	Others
chr19	2928699	2929159	0.53	-0.022	0.26924	Others
chr19	3674380	3674529	0.261	0.065	0.085086	High
chr19	3716045	3717365	-0.144	-0.053	0.028368	Low
chr19	3973361	3974430	0.218	0.096	0.068452	High
chr19	4618584	4619567	-0.124	-0.137	0.032364	Low
chr19	4874737	4875057	0.174	0.325	0.086826	High
chr19	6152285	6152550	0.194	0.163	0.069258	High
chr19	6163188	6163478	0.608	0.055	0.403104	High
chr19	8776118	8781426	0.455	0.078	0.242515	High
chr19	12584062	12588115	0.273	0.02	0.079989	High
chr19	14935579	14938664	-0.121	-0.046	0.020207	Low
chr19	20063870	20064187	0.171	0.126	0.050787	High
chr19	21584228	21584524	-0.434	-0.213	0.280798	Low
chr19	22107145	22107319	0.219	0.038	0.056283	High
chr19	22756178	22756761	-0.224	-0.16	0.086016	Low
chr19	29459277	29465259	0.219	0.292	0.111909	High
chr19	30796565	30798837	-0.453	-0.161	0.278142	Low
chr19	35360248	35372715	-0.143	0.014	0.018447	Others
chr19	36555279	36555594	0.099	0.047	0.014454	High
chr19	36793415	36793724	0.078	0.551	0.049062	High
chr19	38787411	38788024	0.15	0.16	0.0465	High
chr19	39900185	39900497	0.374	0.109	0.180642	High
chr19	40107182	40109852	0.288	0.062	0.1008	High
chr19	40117180	40119394	0.558	0.114	0.374976	High
chr19	41361787	41362077	0.346	-0.01	0.116256	Others
chr19	45400749	45401073	0.091	0.038	0.011739	High
chr19	45648270	45648492	0.228	0.089	0.072276	High
chr19	46293548	46293875	0.152	0.326	0.072656	High
chr19	46314067	46315467	0.178	0.059	0.042186	High
chr19	46439272	46440686	-0.208	-0.087	0.06136	Low
chr19	48956919	48957521	0.252	0.607	0.216468	High
chr19	51630533	51646955	-0.155	-0.053	0.03224	Low
chr19	51672676	51674259	0.217	0.195	0.089404	High
chr19	52918945	52920953	0.302	0.003	0.09211	High
chr19	53317536	53317850	0.125	0.526	0.081375	High
chr19	55125626	55126227	0.437	0.134	0.249527	High
chr19	56080016	56080150	0.594	0.032	0.371844	High
chr19	56080447	56080653	-0.464	-0.413	0.406928	Low
chr19	56105942	56106016	0.179	0.131	0.05549	High
chr19	56176108	56176257	0.284	0.123	0.115588	High
chr19	58600304	58600582	-0.268	-0.185	0.121404	Low
chr19	58607095	58607196	0.137	0.057	0.026578	High
chr20	1582865	1584483	-0.252	-0.08	0.083664	Low
chr20	3041109	3041405	0.166	0.068	0.038844	High
chr20	6170298	6170629	0.438	0.235	0.294774	High
chr20	16098404	16104723	-0.196	-0.001	0.038612	Low
chr20	16227177	16227574	0.068	0.137	0.01394	High
chr20	16227502	16227727	0.082	0.093	0.01435	High
chr20	18010525	18010574	0.46	0.043	0.23138	High
chr20	19080772	19081084	0.419	0.083	0.210338	High
chr20	26279948	26281141	-0.167	-0.143	0.05177	Low
chr20	26442685	26444180	0.17	0.169	0.05763	High
chr20	26480743	26482106	-0.073	-0.08	0.011169	Low
chr20	26484035	26486412	0.128	0.092	0.02816	High
chr20	26583997	26584334	0.075	0.062	0.010275	High
chr20	26590815	26596790	0.162	0.029	0.030942	High
chr20	28533683	28535219	-0.135	-0.131	0.03591	Low
chr20	28967626	28968646	0.201	-0.022	0.035979	Others
chr20	29515521	29516417	-0.545	-0.375	0.5014	Low
chr20	30113283	30113964	-0.067	-0.146	0.014271	Low
chr20	30115547	30116581	0.098	0.169	0.026166	High
chr20	30119960	30121118	0.211	0.174	0.081235	High
chr20	30130413	30130876	0.256	-0.094	0.041472	Others
chr20	30358925	30364656	0.122	0.098	0.02684	High
chr20	30845763	30848042	0.432	0.42	0.368064	High
chr20	34889369	34889501	0.039	0.26	0.011661	High
chr20	37187206	37187517	0.292	0.014	0.089352	High
chr20	39708990	39709126	0.063	0.427	0.03087	High
chr20	41277677	41278857	0.351	0.027	0.132678	High
chr20	43395954	43397151	-0.286	0.042	0.069784	Others
chr20	43643224	43645947	0.254	0.018	0.069088	High
chr20	47390317	47390641	-0.588	-0.457	0.61446	Low
chr20	49108128	49108454	0.112	0.038	0.0168	High
chr20	52142651	52144388	0.543	-0.118	0.230775	Others
chr20	55497625	55497944	0.031	0.363	0.012214	High
chr20	59210849	59211064	0.283	0.243	0.148858	High
chr20	60307142	60307267	0.181	0.159	0.06154	High
chr20	61101128	61101344	-0.299	-0.219	0.154882	Low
chr20	61102006	61102508	-0.135	-0.027	0.02187	Low
chr20	61399110	61399430	0.1	0.098	0.0198	High
chr20	61946061	61946360	0.362	-0.015	0.125614	Others
chr20	62057887	62058252	0.17	0.039	0.03553	High
chr20	63134923	63135275	0.275	0.049	0.0891	High
chr20	63455800	63455935	0.182	0.31	0.089544	High
chr20	63479918	63480043	-0.089	-0.19	0.024831	Low
chr20	63535822	63536052	-0.183	-0.08	0.048129	Low
chr20	63670043	63670441	0.795	0.002	0.633615	High
chr20	64314319	64326708	-0.082	-0.143	0.01845	Low
chr21	5301088	5301433	0.314	0.257	0.179294	High
chr21	5307342	5308196	-0.307	-0.298	0.185735	Low
chr21	5320029	5322207	0.243	0.272	0.125145	High
chr21	5333615	5335493	-0.298	-0.069	0.109366	Low
chr21	7232146	7232471	0.135	0.235	0.04995	High
chr21	7238380	7239063	-0.282	-0.146	0.120696	Low
chr21	8548744	8548913	0.46	0.024	0.22264	High
chr21	9002886	9003209	0.351	0.284	0.222885	High
chr21	9614314	9614396	-0.111	-0.066	0.019647	Low
chr21	10014850	10015013	0.452	0.487	0.424428	High
chr21	10419898	10422650	0.067	0.187	0.017018	High
chr21	10543002	10543299	0.242	0.035	0.067034	High
chr21	13934784	13934972	0.38	0.273	0.24814	High
chr21	17954283	17956791	-0.222	-0.214	0.096792	Low
chr21	18751562	18751877	0.223	0.366	0.131347	High
chr21	22282587	22293678	-0.24	0.008	0.05568	Others
chr21	23369910	23370223	0.041	0.32	0.014801	High
chr21	34700229	34701083	0.097	0.016	0.010961	High
chr21	36303812	36304045	0.261	0.122	0.099963	High
chr21	36492138	36492459	0.218	0.133	0.076518	High
chr21	38528422	38528745	0.203	0.219	0.085666	High
chr21	42283723	42284146	0.166	-0.017	0.024734	Others
chr21	43550483	43553418	-0.329	-0.043	0.122388	Low
chr21	44409672	44410266	0.217	0.001	0.047306	High
chr21	44422907	44423247	-0.351	-0.241	0.207792	Low
chr21	44824575	44824727	0.232	0.074	0.070992	High
chr21	45524103	45524405	0.88	0.054	0.82192	High
chr21	45898819	45898906	0.467	0.267	0.342778	High
chr21	45968107	45969809	-0.174	-0.065	0.041586	Low
chr22	10699441	10699493	0.356	0.092	0.159488	High
chr22	10728186	10729365	-0.303	-0.018	0.097263	Low
chr22	11058536	11060342	0.198	-0.065	0.026334	Others
chr22	11588146	11588323	0.33	0.262	0.19536	High
chr22	12341361	12347005	0.152	0.08	0.035264	High
chr22	15944066	15945429	0.146	0.058	0.029784	High
chr22	16004065	16004747	0.192	0.188	0.07296	High
chr22	16080646	16084282	0.198	0.261	0.090882	High
chr22	16164937	16165278	0.044	0.466	0.02244	High
chr22	16546076	16550681	-0.454	-0.083	0.243798	Low
chr22	17616750	17617059	0.12	0.001	0.01452	High
chr22	18370061	18370348	0.43	0.039	0.20167	High
chr22	18900013	18900952	0.092	0.498	0.05428	High
chr22	19726545	19726604	0.262	0.124	0.101132	High
chr22	21183392	21183607	0.164	0.18	0.056416	High
chr22	25000193	25000491	0.515	0.122	0.328055	High
chr22	25054080	25056684	-0.338	-0.026	0.123032	Low
chr22	28781333	28781649	0.399	0.006	0.161595	High
chr22	34611837	34614855	0.091	0.257	0.031668	High
chr22	36747125	36751850	-0.116	0.026	0.01044	Others
chr22	38217260	38217415	0.261	0.036	0.077517	High
chr22	41744474	41744795	0.12	0.092	0.02544	High
chr22	44112634	44113139	0.389	-0.022	0.142763	Others
chr22	44302707	44302946	0.572	0.223	0.45474	High
chr22	45158837	45161241	-0.169	-0.139	0.052052	Low
chr22	45327999	45328326	0.424	-0.001	0.179352	Others
chr22	47162615	47162688	0.053	0.212	0.014045	High
chr22	47211926	47212305	0.213	-0.035	0.037914	Others
chr22	48497504	48497737	-0.141	-0.209	0.04935	Low
chr22	48667774	48668552	0.24	0.182	0.10128	High
chr22	48668252	48668456	0.257	0.108	0.093805	High
chr22	49319853	49321517	0.203	0.257	0.09338	High
chr22	49384203	49384798	-0.258	-0.38	0.164604	Low
chr22	49384485	49386012	-0.37	-0.271	0.23717	Low
chr22	49433328	49433572	-0.153	-0.037	0.02907	Low
chr22	50082174	50082235	0.285	0.29	0.163875	High
chr22	50434442	50434738	0.157	0.008	0.025905	High
