chr1	181176	181262	-0.081	-0.135	0.017496	Low
chr1	909169	909479	0.337	0.008	0.116265	High
chr1	909232	909627	0.435	0.053	0.21228	High
chr1	964624	964773	0.414	0.046	0.19044	High
chr1	964630	964705	0.299	0.022	0.095979	High
chr1	977190	977283	0.05	0.537	0.02935	High
chr1	977650	977858	0.115	0.416	0.061065	High
chr1	1080649	1080776	-0.497	0.114	0.190351	Others
chr1	1207339	1207759	0.484	0.598	0.523688	High
chr1	1248054	1248316	0.036	0.67	0.025416	High
chr1	1248881	1249210	0.361	0.453	0.293854	High
chr1	1297193	1297688	0.156	0.053	0.032604	High
chr1	2750729	2753417	0.097	0.028	0.012125	High
chr1	3002032	3002111	0.351	0.305	0.230256	High
chr1	3146915	3147035	0.052	0.169	0.011492	High
chr1	3287477	3287620	0.358	0.303	0.236638	High
chr1	3583666	3583761	0.336	0.175	0.171696	High
chr1	3591623	3591753	0.232	0.035	0.061944	High
chr1	10744344	10744487	-0.253	-0.272	0.132825	Low
chr1	16660748	16662508	-0.229	-0.321	0.12595	Low
chr1	16744928	16746691	-0.226	-0.097	0.072998	Low
chr1	16950111	16950404	0.371	0.204	0.213325	High
chr1	17241451	17241594	-0.208	-0.188	0.082368	Low
chr1	17349677	17351169	-0.158	0.042	0.018328	Others
chr1	17358269	17358590	0.297	0.3	0.177309	High
chr1	20170696	20171243	0.133	-0.008	0.016625	Others
chr1	21459925	21460196	0.373	0.294	0.248791	High
chr1	23993614	23993987	0.113	0.114	0.025651	High
chr1	24076495	24076811	0.273	0.296	0.155337	High
chr1	24193857	24197166	0.29	0.312	0.17458	High
chr1	27477601	27477929	0.496	0.377	0.433008	High
chr1	32974280	32974406	0.058	0.621	0.039382	High
chr1	57877539	57877862	0.351	0.397	0.262548	High
chr1	58593944	58594268	0.09	0.45	0.0486	High
chr1	66735521	66735852	0.12	0.245	0.0438	High
chr1	79270062	79270163	0.188	0.297	0.09118	High
chr1	80728656	80728982	0.571	0.515	0.620106	High
chr1	85282937	85283266	0.225	0.119	0.0774	High
chr1	86416748	86417068	0.468	0.44	0.424944	High
chr1	91668838	91669341	0.098	0.108	0.020188	High
chr1	111529894	111530020	0.175	0.21	0.067375	High
chr1	113068700	113071154	0.474	0.252	0.344124	High
chr1	116369410	116369490	0.166	0.107	0.045318	High
chr1	120834008	120836029	0.046	0.228	0.012604	High
chr1	121683699	121687428	0.165	-0.025	0.0231	Others
chr1	121739323	121740169	0.1	0.056	0.0156	High
chr1	121840224	121840897	0.092	0.184	0.025392	High
chr1	124806235	124807763	-0.131	-0.074	0.026855	Low
chr1	124879205	124880737	-0.116	-0.115	0.026796	Low
chr1	124906694	124908224	0.143	0.176	0.045617	High
chr1	125069956	125070067	0.095	0.062	0.014915	High
chr1	125083692	125083905	-0.18	-0.057	0.04266	Low
chr1	143275363	143275456	0.09	0.082	0.01548	High
chr1	143638134	143638260	0.106	0.146	0.026712	High
chr1	144846230	144846558	0.085	0.186	0.023035	High
chr1	145326742	145329955	-0.092	-0.12	0.019504	Low
chr1	146067231	146070370	0.181	0.086	0.048327	High
chr1	148702813	148703125	0.213	0.239	0.096276	High
chr1	149058873	149062040	-0.093	-0.048	0.013113	Low
chr1	151600485	151600786	0.088	0.055	0.012584	High
chr1	160985050	160985360	0.136	0.07	0.028016	High
chr1	161423477	161423651	0.108	0.262	0.03996	High
chr1	162486955	162487265	0.388	0.259	0.251036	High
chr1	182320189	182320500	0.369	0.367	0.271584	High
chr1	182982871	182983171	0.288	0.268	0.160128	High
chr1	185403964	185404301	0.204	0.144	0.070992	High
chr1	198335523	198341147	-0.345	-0.098	0.152835	Low
chr1	202740243	202740467	0.127	0.069	0.024892	High
chr1	212297793	212299273	0.12	0.143	0.03156	High
chr1	227294563	227294880	0.131	0.128	0.033929	High
chr1	227836392	227836703	0.249	0.433	0.169818	High
chr1	232700829	232701012	0.129	0.127	0.033024	High
chr1	233729409	233729738	0.195	0.544	0.144105	High
chr1	238689007	238689949	0.122	0.203	0.03965	High
chr1	242964469	242965912	-0.191	-0.071	0.050042	Low
chr1	245974553	245976664	0.083	0.158	0.020003	High
chr1	246519912	246520901	0.102	0.196	0.030396	High
chr1	247406228	247406457	0.472	0.085	0.262904	High
chr1	248187743	248188263	0.114	0.073	0.021318	High
chr2	293816	294198	0.305	0.192	0.151585	High
chr2	427395	427494	0.141	0.013	0.021714	High
chr2	436520	436592	0.503	0.248	0.377753	High
chr2	849187	849992	-0.085	-0.119	0.01734	Low
chr2	1107366	1108769	-0.147	-0.133	0.04116	Low
chr2	1535476	1535696	0.324	0.256	0.18792	High
chr2	1537237	1537539	-0.261	-0.292	0.144333	Low
chr2	1797897	1798219	-0.256	-0.393	0.166144	Low
chr2	2034523	2035415	0.195	0.227	0.08229	High
chr2	3671994	3672642	-0.158	-0.185	0.054194	Low
chr2	5347635	5347901	0.4	0.498	0.3592	High
chr2	7520069	7520260	0.377	0.405	0.294814	High
chr2	9819093	9819441	0.149	0.261	0.06109	High
chr2	16110985	16111308	0.208	0.339	0.113776	High
chr2	28131053	28131379	0.049	0.33	0.018571	High
chr2	34298587	34300651	0.293	-0.07	0.065339	Others
chr2	35750946	35770959	-0.06	-0.137	0.01182	Low
chr2	36728517	36728832	0.311	0.35	0.205571	High
chr2	41011226	41023152	0.168	0.049	0.036456	High
chr2	48554696	48557727	0.242	0.264	0.122452	High
chr2	55705734	55705859	0.267	0.222	0.130563	High
chr2	62229964	62230290	0.081	0.165	0.019926	High
chr2	71769744	71769935	0.106	0.208	0.033284	High
chr2	77749641	77749964	0.354	0.358	0.252048	High
chr2	87422733	87423671	-0.142	-0.236	0.053676	Low
chr2	89177235	89221708	0.1	0.147	0.0247	High
chr2	91409535	91409703	0.118	0.07	0.022184	High
chr2	91412652	91412798	0.193	0.175	0.071024	High
chr2	91526889	91527793	0.13	0.332	0.06006	High
chr2	92124188	92127412	-0.157	-0.12	0.043489	Low
chr2	92130196	92130875	-0.351	-0.322	0.236223	Low
chr2	94143086	94143764	-0.079	-0.124	0.016037	Low
chr2	94148087	94148428	0.08	0.089	0.01352	High
chr2	94546887	94548253	0.084	0.054	0.011592	High
chr2	101481376	101481702	0.307	0.532	0.257573	High
chr2	101616119	101617124	0.102	0.246	0.035496	High
chr2	105209434	105211968	0.221	0.391	0.135252	High
chr2	106078621	106079437	0.215	0.013	0.04902	High
chr2	106263022	106269458	0.399	0.137	0.213864	High
chr2	113554461	113554572	0.374	0.174	0.204952	High
chr2	113651516	113651974	-0.269	-0.181	0.12105	Low
chr2	118148553	118148704	0.532	0.208	0.39368	High
chr2	118895741	118901791	0.192	-0.034	0.030336	Others
chr2	121806808	121807124	0.229	0.401	0.14427	High
chr2	125685670	125694253	0.099	0.168	0.026433	High
chr2	129622836	129623931	0.082	0.116	0.016236	High
chr2	130060950	130061485	0.1	0.157	0.0257	High
chr2	130065031	130065329	0.094	0.12	0.020116	High
chr2	130066476	130067403	0.1	0.037	0.0137	High
chr2	130197356	130199829	0.195	0.192	0.075465	High
chr2	133116192	133116513	0.295	0.325	0.1829	High
chr2	133834479	133835759	-0.117	-0.05	0.019539	Low
chr2	134209129	134212558	0.04	0.229	0.01076	High
chr2	141638404	141639008	-0.115	-0.242	0.041055	Low
chr2	142677036	142677373	0.249	0.318	0.141183	High
chr2	149770456	149770776	0.325	0.512	0.272025	High
chr2	164829067	164832299	-0.242	-0.012	0.061468	Low
chr2	165158183	165160233	0.271	0.067	0.091598	High
chr2	167875977	167876066	0.119	0.13	0.029631	High
chr2	172139520	172142751	0.132	0.223	0.04686	High
chr2	175813069	175813673	0.228	0.606	0.190152	High
chr2	175813672	175814301	0.353	0.019	0.131316	High
chr2	177946635	177946684	0.109	0.069	0.019402	High
chr2	177947040	177947169	0.169	0.019	0.031772	High
chr2	182451079	182451393	0.484	0.265	0.362516	High
chr2	187637249	187637322	0.075	0.073	0.0111	High
chr2	201281925	201284716	0.071	0.074	0.010295	High
chr2	208586992	208587318	0.275	0.565	0.231	High
chr2	213642606	213642844	0.148	0.407	0.08214	High
chr2	213910480	213910786	0.456	0.293	0.341544	High
chr2	219187601	219188190	0.148	0.017	0.02442	High
chr2	231019357	231020536	0.115	-0.018	0.011155	Others
chr2	231131462	231131785	0.266	0.026	0.077672	High
chr2	231826249	231826555	-0.163	-0.094	0.041891	Low
chr2	231836812	231837515	-0.118	-0.011	0.015222	Low
chr2	231844114	231844421	0.167	0.197	0.060788	High
chr2	233722831	233725339	0.487	0.341	0.403236	High
chr2	234903622	234903932	0.268	0.408	0.181168	High
chr2	238296398	238296694	-0.27	-0.147	0.11259	Low
chr2	238500730	238501055	0.171	0.307	0.081738	High
chr2	239085902	239086094	0.104	0.083	0.019448	High
chr2	239527368	239527431	0.128	0.224	0.045056	High
chr2	240108250	240108763	-0.129	-0.139	0.034572	Low
chr2	240602684	240602747	0.102	0.039	0.014382	High
chr2	240842634	240842902	0.188	0.154	0.064296	High
chr2	240843013	240843253	0.252	0.122	0.094248	High
chr2	241566688	241567915	-0.165	0.001	0.02706	Others
chr3	187088	192720	-0.132	-0.111	0.032076	Low
chr3	483169	483435	0.161	0.1	0.042021	High
chr3	1638380	1638575	0.081	0.341	0.034182	High
chr3	1638459	1638928	0.156	0.297	0.070668	High
chr3	1638913	1639108	0.213	0.127	0.07242	High
chr3	2591342	2591662	0.459	0.354	0.373167	High
chr3	5234143	5234312	0.38	0.287	0.25346	High
chr3	8676301	8678007	0.123	0.154	0.034071	High
chr3	12310452	12310761	0.127	0.076	0.025781	High
chr3	14645040	14649557	0.268	0.031	0.080132	High
chr3	15803663	15805228	0.36	-0.182	0.06408	Others
chr3	23722566	23722895	0.09	0.084	0.01566	High
chr3	26745214	26745533	0.345	0.504	0.292905	High
chr3	38081460	38081759	0.067	0.204	0.018157	High
chr3	45568394	45568809	0.185	0.445	0.11655	High
chr3	48610705	48611834	0.03	0.625	0.01965	High
chr3	49160316	49160638	0.183	0.01	0.035319	High
chr3	49938767	49939538	0.853	0.086	0.800967	High
chr3	61489374	61489696	0.324	0.406	0.23652	High
chr3	75289515	75289594	0.14	0.102	0.03388	High
chr3	76730342	76730705	0.103	0.048	0.015553	High
chr3	76730370	76730957	0.097	0.029	0.012222	High
chr3	82584846	82584985	0.217	0.027	0.052948	High
chr3	89017775	89026976	0.09	0.191	0.02529	High
chr3	90536600	90537959	0.174	0.029	0.035322	High
chr3	90563894	90568930	-0.089	-0.245	0.029726	Low
chr3	90564501	90569535	-0.067	-0.088	0.010385	Low
chr3	92671171	92672705	-0.323	-0.305	0.202844	Low
chr3	93032253	93032590	0.078	0.143	0.017238	High
chr3	101469525	101469847	0.074	0.087	0.011914	High
chr3	109384453	109386098	0.108	0.012	0.01296	High
chr3	110775191	110777261	0.178	0.221	0.071022	High
chr3	111805503	111805845	0.256	0.207	0.118528	High
chr3	124789381	124789554	0.123	0.288	0.050553	High
chr3	124789671	124790076	0.245	0.085	0.08085	High
chr3	126640079	126640405	0.272	0.133	0.11016	High
chr3	126949482	126949629	0.096	0.324	0.04032	High
chr3	129465624	129465933	0.112	0.071	0.020496	High
chr3	130044539	130087917	-0.16	0.024	0.02176	Others
chr3	132270247	132276205	-0.164	-0.041	0.03362	Low
chr3	140803647	140804802	-0.221	-0.128	0.077129	Low
chr3	146214111	146214422	0.454	0.477	0.422674	High
chr3	150181247	150181480	0.147	0.225	0.054684	High
chr3	150819988	150820114	0.079	0.185	0.020856	High
chr3	160684818	160685000	0.302	0.357	0.199018	High
chr3	190952008	190952330	0.311	0.513	0.256264	High
chr3	192138296	192138633	0.375	0.089	0.174	High
chr3	195066025	195066675	0.121	0.186	0.037147	High
chr3	195479049	195479681	0.083	0.082	0.013695	High
chr3	195837910	195837971	0.113	0.059	0.019436	High
chr3	196329047	196329974	0.105	0.099	0.02142	High
chr3	197921011	197921178	0.5	0.162	0.331	High
chr4	407250	407579	0.348	0.212	0.19488	High
chr4	635387	635528	0.229	0.102	0.075799	High
chr4	681595	681654	-0.67	-0.333	0.67201	Low
chr4	707907	708086	0.077	0.615	0.053284	High
chr4	1364175	1364302	0.255	0.077	0.08466	High
chr4	1414249	1414308	-0.289	-0.179	0.135252	Low
chr4	1545640	1545967	0.266	0.205	0.125286	High
chr4	1545854	1546516	0.195	0.039	0.04563	High
chr4	2430188	2430313	0.208	0.277	0.10088	High
chr4	2430243	2430431	0.206	0.219	0.08755	High
chr4	3309063	3309221	-0.205	-0.35	0.113775	Low
chr4	3412950	3413054	0.174	0.107	0.048894	High
chr4	4039488	4039825	0.401	0.365	0.307166	High
chr4	4114828	4115126	0.288	0.464	0.216576	High
chr4	6755900	6756113	0.228	0.216	0.101232	High
chr4	6895622	6898670	0.15	0.031	0.02715	High
chr4	7255875	7255958	0.089	0.235	0.028836	High
chr4	7482166	7482282	0.083	0.135	0.018094	High
chr4	9459357	9483840	0.204	-0.019	0.03774	Others
chr4	9491081	9491162	0.062	0.295	0.022134	High
chr4	9955195	9955512	0.118	0.145	0.031034	High
chr4	10145449	10145563	0.077	0.231	0.023716	High
chr4	10209633	10232951	-0.237	0.065	0.040764	Others
chr4	16942614	16949119	0.165	0.178	0.056595	High
chr4	21159363	21165473	0.229	0.396	0.143125	High
chr4	23099050	23099199	0.212	0.412	0.132288	High
chr4	23720041	23720361	0.139	0.281	0.05838	High
chr4	25495528	25495840	0.458	0.667	0.51525	High
chr4	31405055	31405381	0.202	0.255	0.092314	High
chr4	34266615	34266710	0.377	0.212	0.222053	High
chr4	39705751	39705912	0.091	0.041	0.012012	High
chr4	41443177	41443276	0.494	0.411	0.44707	High
chr4	46200778	46203008	-0.293	-0.084	0.110461	Low
chr4	49144828	49145152	-0.151	-0.193	0.051944	Low
chr4	49187137	49187455	0.212	0.389	0.127412	High
chr4	49323678	49324115	-0.257	-0.216	0.121561	Low
chr4	49595464	49598277	0.122	0.031	0.018666	High
chr4	50203334	50204014	-0.187	-0.123	0.05797	Low
chr4	51812616	51813460	-0.081	-0.216	0.024057	Low
chr4	60703510	60703839	0.319	0.413	0.233508	High
chr4	69094123	69094446	0.043	0.221	0.011352	High
chr4	79284574	79284901	0.382	0.633	0.38773	High
chr4	89627140	89627462	0.34	0.464	0.27336	High
chr4	92471913	92472232	0.291	0.33	0.180711	High
chr4	102408256	102410889	0.441	0.148	0.259749	High
chr4	102951944	102954449	-0.281	-0.06	0.095821	Low
chr4	106135421	106142203	0.456	-0.024	0.196992	Others
chr4	108799896	108801058	-0.258	0.02	0.061404	Others
chr4	116779037	116779941	-0.158	0.022	0.021488	Others
chr4	119096080	119096399	0.237	0.416	0.154761	High
chr4	124022397	124024030	0.218	0.013	0.050358	High
chr4	128778548	128778839	0.057	0.174	0.013167	High
chr4	132898442	132898764	0.164	0.361	0.0861	High
chr4	137170846	137179476	-0.294	-0.141	0.12789	Low
chr4	140224697	140224988	0.488	0.185	0.328424	High
chr4	141333288	141333337	-0.451	-0.458	0.409959	Low
chr4	144395293	144398752	-0.376	0.091	0.10716	Others
chr4	159094715	159094846	0.624	0.099	0.451152	High
chr4	162472851	162475267	-0.382	-0.141	0.199786	Low
chr4	167188116	167188403	0.224	-0.058	0.037184	Others
chr4	167188535	167194349	-0.379	-0.094	0.179267	Low
chr4	177593090	177593408	0.597	0.538	0.677595	High
chr4	179035687	179036005	0.261	0.614	0.228375	High
chr4	180945119	180945345	0.241	0.078	0.076879	High
chr4	182649120	182650731	-0.247	-0.237	0.119548	Low
chr4	185277711	185278029	0.75	0.191	0.70575	High
chr4	186693362	186693689	-0.464	-0.321	0.36424	Low
chr4	186929557	186929690	-0.197	0.143	0.010638	Others
chr4	186971626	186973032	0.249	-0.016	0.058017	Others
chr4	187066755	187066988	0.245	0.045	0.07105	High
chr4	187304545	187304810	0.134	-0.025	0.014606	Others
chr4	189645867	189645938	0.452	0.126	0.261256	High
chr4	190121701	190121787	0.208	0.05	0.053664	High
chr5	83240	83479	-0.114	-0.068	0.020748	Low
chr5	84423	84691	0.286	0.125	0.117546	High
chr5	175992	176278	-0.539	-0.067	0.326634	Low
chr5	357890	358324	0.36	0.017	0.13572	High
chr5	497701	497832	-0.218	-0.046	0.057552	Low
chr5	562643	563289	0.295	0.073	0.10856	High
chr5	976079	976214	-0.195	0.059	0.02652	Others
chr5	1627031	1628721	0.834	-0.028	0.672204	Others
chr5	1663627	1664158	0.175	0.309	0.0847	High
chr5	1663969	1664119	0.296	0.17	0.137936	High
chr5	1682348	1682659	0.336	0.534	0.29232	High
chr5	2490872	2491431	0.231	0.009	0.05544	High
chr5	3499147	3499467	0.267	0.346	0.163671	High
chr5	3502199	3502526	0.454	0.248	0.318708	High
chr5	8026904	8027208	0.486	0.332	0.397548	High
chr5	9400498	9400767	0.236	0.246	0.113752	High
chr5	10273117	10274960	-0.395	-0.065	0.1817	Low
chr5	12186375	12186678	0.045	0.398	0.019935	High
chr5	20018787	20019096	0.091	0.456	0.049777	High
chr5	23902885	23905120	0.379	-0.067	0.118248	Others
chr5	35614071	35614383	0.457	0.281	0.337266	High
chr5	46811560	46815992	0.148	0.053	0.029748	High
chr5	46820208	46821739	-0.213	-0.001	0.045582	Low
chr5	46885473	46890076	-0.06	-0.149	0.01254	Low
chr5	46946464	46947996	0.23	0.043	0.06279	High
chr5	46957507	46959383	0.294	0.143	0.128478	High
chr5	46960788	46961983	0.117	-0.028	0.010413	Others
chr5	47124840	47125519	0.203	0.187	0.07917	High
chr5	47128785	47129466	0.392	0.37	0.298704	High
chr5	47133059	47133739	0.32	0.249	0.18208	High
chr5	47137106	47137787	0.34	0.289	0.21386	High
chr5	47141237	47141916	0.275	0.186	0.126775	High
chr5	47145153	47145833	0.292	0.207	0.145708	High
chr5	47173664	47174004	0.13	0.051	0.02353	High
chr5	47174062	47174395	0.197	0.103	0.0591	High
chr5	56133379	56134518	0.408	0.052	0.18768	High
chr5	71009536	71015223	-0.219	0.09	0.028251	Others
chr5	77766484	77766793	0.39	0.036	0.16614	High
chr5	78584981	78585303	0.715	0.029	0.53196	High
chr5	81712345	81712617	0.346	0.094	0.15224	High
chr5	84319173	84319520	0.026	0.453	0.012454	High
chr5	88616036	88616132	0.153	0.092	0.037485	High
chr5	98065857	98067055	-0.397	-0.428	0.327525	Low
chr5	105255242	105255563	0.08	0.723	0.06424	High
chr5	112888535	112891187	0.271	0.038	0.083739	High
chr5	117358812	117359135	0.458	0.304	0.348996	High
chr5	122240420	122245112	-0.447	0.015	0.193104	Others
chr5	122938659	122938981	0.293	0.205	0.145914	High
chr5	143555801	143556112	0.314	0	0.098596	Others
chr5	149670416	149670542	0.422	0.091	0.216486	High
chr5	154425815	154427643	0.309	-0.028	0.086829	Others
chr5	156657707	156658670	0.18	-0.009	0.03078	Others
chr5	163008365	163008679	0.46	0.468	0.42688	High
chr5	165955944	165956444	0.294	0.087	0.112014	High
chr5	165957089	165957388	-0.067	-0.269	0.022512	Low
chr5	165957412	165957993	-0.252	-0.179	0.108612	Low
chr5	165958059	165959739	-0.153	-0.11	0.040239	Low
chr5	169315519	169315752	0.073	0.494	0.041391	High
chr5	173068983	173071830	0.409	-0.094	0.128835	Others
chr5	173462710	173463042	0.169	0.398	0.095823	High
chr5	177396406	177396594	0.211	0.195	0.085666	High
chr5	177985863	177985935	-0.508	0.03	0.242824	Others
chr5	178095166	178095380	0.076	0.104	0.01368	High
chr5	178095601	178095772	0.117	0.03	0.017199	High
chr5	178096682	178096852	0.435	-0.009	0.18531	Others
chr5	178394895	178396390	0.165	0.24	0.066825	High
chr5	178448110	178448229	0.164	0.28	0.072816	High
chr5	178793868	178793939	0.332	0.402	0.243688	High
chr5	179229388	179229461	0.289	0.243	0.153748	High
chr5	179411779	179412151	0.157	0.171	0.051496	High
chr5	179411878	179412569	0.238	0.174	0.098056	High
chr5	179594071	179594527	0.242	0.023	0.06413	High
chr5	179637376	179639972	-0.084	-0.072	0.013104	Low
chr5	179871852	179871992	0.261	0.036	0.077517	High
chr5	180113192	180113267	-0.361	-0.149	0.18411	Low
chr5	181089101	181089293	0.356	0.225	0.206836	High
chr5	181090186	181091397	0.541	0.014	0.300255	High
chr5	181253074	181254412	0.616	0.11	0.447216	High
chr5	181312083	181312416	0.324	0.404	0.235872	High
chr5	181446554	181446790	-0.733	-0.168	0.660433	Low
chr6	515574	515658	0.712	0.117	0.590248	High
chr6	909374	910157	-0.696	-0.199	0.62292	Low
chr6	3146427	3146630	0.271	0.057	0.088888	High
chr6	6068604	6068944	0.056	0.241	0.016632	High
chr6	6277107	6277368	0.108	0.014	0.013176	High
chr6	7273126	7273683	0.392	0.11	0.196784	High
chr6	8227690	8228007	0.649	0.231	0.57112	High
chr6	8432262	8434991	-0.066	-0.132	0.013068	Low
chr6	11903203	11903514	0.354	0.36	0.252756	High
chr6	23300134	23300455	0.407	0.411	0.332926	High
chr6	23743031	23745716	-0.287	0.102	0.053095	Others
chr6	23948513	23949116	0.215	0.503	0.15437	High
chr6	25529642	25529782	0.922	0.194	1.02895	High
chr6	26656483	26658437	0.136	0.038	0.023664	High
chr6	27826935	27827209	-0.302	0.052	0.0755	Others
chr6	34372725	34373063	0.13	0.041	0.02223	High
chr6	34373150	34373318	0.159	0.024	0.029097	High
chr6	35658655	35661966	0.198	-0.057	0.027918	Others
chr6	41436322	41436644	0.257	0.257	0.132098	High
chr6	41616429	41616555	0.067	0.247	0.021038	High
chr6	42869821	42871564	0.139	-0.063	0.010564	Others
chr6	43067813	43068138	0.723	0.118	0.608043	High
chr6	45999721	46000047	0.356	0.438	0.282664	High
chr6	54067737	54070011	-0.57	-0.061	0.35967	Low
chr6	57598932	57599243	0.511	0.011	0.266742	High
chr6	61183414	61183733	0.428	0.199	0.268356	High
chr6	61392839	61396287	0.123	0.074	0.024231	High
chr6	61434383	61437616	0.286	0.065	0.100386	High
chr6	64475259	64475572	0.336	0.393	0.244944	High
chr6	66525369	66525711	0.515	0.611	0.57989	High
chr6	71861725	71862045	0.18	0.579	0.13662	High
chr6	72154150	72163833	-0.548	-0.089	0.349076	Low
chr6	85914124	85916113	-0.358	0.085	0.097734	Others
chr6	87010153	87010330	0.431	0.096	0.227137	High
chr6	90527856	90528176	0.341	0.065	0.138446	High
chr6	95939725	95941542	-0.502	-0.24	0.372484	Low
chr6	100090036	100091381	-0.208	0.021	0.038896	Others
chr6	104727499	104727642	0.37	0.074	0.16428	High
chr6	106480957	106481272	0.256	0.225	0.123136	High
chr6	107710138	107710730	-0.364	-0.01	0.136136	Low
chr6	119096338	119096665	0.561	0.388	0.532389	High
chr6	121308671	121308772	0.542	0.015	0.301894	High
chr6	129415925	129416238	0.091	0.461	0.050232	High
chr6	149816341	149816647	0.267	0	0.071289	Others
chr6	151164729	151165801	0.112	0.151	0.029456	High
chr6	152068854	152071097	-0.149	-0.14	0.043061	Low
chr6	157536808	157537114	0.369	0.378	0.275643	High
chr6	158455044	158455371	0.268	0.011	0.074772	High
chr6	158931700	158932745	0.122	0.213	0.04087	High
chr6	160121973	160123414	0.285	0.048	0.094905	High
chr6	160630066	160635614	-0.164	-0.04	0.033456	Low
chr6	162472493	162472793	0.112	0.11	0.024864	High
chr6	167295529	167295618	0.189	0.168	0.067473	High
chr6	167658532	167658855	0.198	0.241	0.086922	High
chr6	168075852	168075917	0.465	0.225	0.32085	High
chr6	168316331	168317609	-0.321	-0.063	0.123264	Low
chr6	168356827	168357211	0.041	0.229	0.01107	High
chr6	168357478	168357861	0.152	0.167	0.048488	High
chr6	168358115	168358278	0.507	0.113	0.31434	High
chr6	168572134	168573372	0.407	0.207	0.249898	High
chr6	168595044	168595247	-0.258	-0.099	0.092106	Low
chr6	168612157	168612395	-0.157	-0.165	0.050554	Low
chr6	168742932	168743161	0.131	0.048	0.023449	High
chr6	169025268	169025334	0.392	0.075	0.183064	High
chr6	169664955	169665015	0.282	0.026	0.086856	High
chr6	169963840	169963889	0.395	0.453	0.33496	High
chr6	169967250	169967597	0.097	0.356	0.043941	High
chr6	169987620	169987742	0.173	0.221	0.068162	High
chr6	169987775	169987979	0.061	0.106	0.010187	High
chr6	169987834	169987956	0.404	0.153	0.225028	High
chr6	169988139	169988629	0.449	0.111	0.25144	High
chr6	170160490	170160587	-0.381	-0.249	0.24003	Low
chr6	170217457	170219016	0.375	-0.004	0.139125	Others
chr6	170246404	170246610	0.578	0.287	0.49997	High
chr6	170658517	170659131	0.077	0.076	0.011781	High
chr6	170659840	170660068	0.094	0.07	0.015416	High
chr6	170660928	170661387	-0.49	-0.046	0.26264	Low
chr7	207083	207220	0.273	0.037	0.08463	High
chr7	243582	244106	0.112	0.06	0.019264	High
chr7	297183	297365	0.105	0.113	0.02289	High
chr7	403415	403898	0.11	0.182	0.03212	High
chr7	475650	475908	-0.303	0.046	0.077871	Others
chr7	917061	917181	-0.113	-0.091	0.023052	Low
chr7	933589	933678	0.071	0.099	0.01207	High
chr7	933871	934197	0.199	0.072	0.053929	High
chr7	937066	937144	-0.389	-0.303	0.269188	Low
chr7	1128687	1128924	0.158	0.003	0.025438	High
chr7	1496275	1496335	0.295	0.02	0.092925	High
chr7	1845457	1845584	0.224	0.203	0.095648	High
chr7	1931113	1931199	0.255	0.01	0.067575	High
chr7	1937916	1938131	0.086	0.058	0.012384	High
chr7	1991285	1991956	0.119	-0.004	0.013685	Others
chr7	2278763	2278816	0.055	0.147	0.01111	High
chr7	2909342	2909508	0.169	0.161	0.05577	High
chr7	4591607	4600109	0.25	0.016	0.0665	High
chr7	9595004	9596346	0.134	0.257	0.052394	High
chr7	12019076	12019399	0.439	0.353	0.347688	High
chr7	15406572	15406930	0.238	0.35	0.139944	High
chr7	16896663	16897001	0.09	0.356	0.04014	High
chr7	23035040	23041674	-0.176	0.102	0.013024	Others
chr7	23637529	23637654	0.549	0.017	0.310734	High
chr7	24218468	24218860	-0.306	-0.059	0.11169	Low
chr7	30495983	30496308	0.153	0.02	0.026469	High
chr7	30857447	30857745	0.425	0.175	0.255	High
chr7	31030960	31031288	0.275	0.204	0.131725	High
chr7	33138221	33139743	-0.265	0.062	0.053795	Others
chr7	36401559	36402332	0.47	0.065	0.25145	High
chr7	38473406	38473742	0.16	0.415	0.092	High
chr7	44871103	44871176	0.133	0.122	0.033915	High
chr7	55904077	55904440	-0.284	-0.209	0.140012	Low
chr7	56097046	56097181	0.486	-0.107	0.184194	Others
chr7	56368236	56369205	0.075	0.114	0.014175	High
chr7	56820869	56821012	0.221	-0.067	0.034034	Others
chr7	57898009	57899700	0.119	0.152	0.032249	High
chr7	57984094	57984777	-0.264	-0.061	0.0858	Low
chr7	61117740	61118422	0.118	0.08	0.023364	High
chr7	61968139	61968478	-0.081	-0.047	0.010368	Low
chr7	61972994	61973332	0.244	0.227	0.114924	High
chr7	62276741	62276855	0.508	0.018	0.267208	High
chr7	62541913	62544487	-0.506	-0.225	0.369886	Low
chr7	63752256	63752399	0.077	0.076	0.011781	High
chr7	63757595	63757738	-0.1	-0.089	0.0189	Low
chr7	63759834	63761512	0.093	0.038	0.012183	High
chr7	64475426	64476409	0.547	0.149	0.380712	High
chr7	65851654	65852123	0.649	0.126	0.502975	High
chr7	68167036	68167336	0.095	0.012	0.010165	High
chr7	68170234	68170433	-0.219	0.032	0.040953	Others
chr7	73775866	73776217	0.21	0.248	0.09618	High
chr7	74135428	74136635	0.154	0.137	0.044814	High
chr7	74369857	74370154	0.713	-0.066	0.461311	Others
chr7	81172373	81172708	0.343	0.495	0.287434	High
chr7	83317146	83317463	0.144	0.439	0.083952	High
chr7	97900397	97903761	-0.11	-0.06	0.0187	Low
chr7	98839485	98839618	-0.132	-0.09	0.029304	Low
chr7	100961955	100962260	0.324	0.246	0.18468	High
chr7	100996382	100997803	0.106	-0.002	0.011024	Others
chr7	101003797	101004374	0.266	0.093	0.095494	High
chr7	101357968	101360513	0.398	0.353	0.298898	High
chr7	102848270	102848607	0.494	0.017	0.252434	High
chr7	104215986	104216303	0.258	0.388	0.166668	High
chr7	105667403	105667717	0.54	0.21	0.405	High
chr7	137149702	137150003	0.423	0.733	0.488988	High
chr7	139424841	139425205	0.507	0.018	0.266175	High
chr7	141414063	141414381	0.185	0.221	0.07511	High
chr7	144337695	144339422	-0.139	-0.026	0.022935	Low
chr7	148647728	148647965	0.058	0.216	0.015892	High
chr7	150035277	150035438	0.25	0.031	0.07025	High
chr7	150765961	150766301	0.108	0.274	0.041256	High
chr7	151820485	151820646	0.152	0.333	0.07372	High
chr7	152385313	152385643	0.389	0.106	0.192555	High
chr7	152388830	152391617	0.078	0.078	0.012168	High
chr7	152395539	152401116	0.205	0.237	0.09061	High
chr7	152722314	152722629	0.677	0.132	0.547693	High
chr7	153314948	153315013	0.236	0.22	0.107616	High
chr7	154061689	154061766	0.262	-0.028	0.061308	Others
chr7	154062806	154063675	0.238	-0.086	0.036176	Others
chr7	154123682	154123775	0.301	0.299	0.1806	High
chr7	155367171	155367248	0.418	0.085	0.210254	High
chr7	157649521	157649622	0.088	0.106	0.017072	High
chr7	157710969	157711102	0.227	0.22	0.101469	High
chr7	157711042	157711470	0.149	0.183	0.049468	High
chr7	157731557	157731780	0.079	0.425	0.039816	High
chr7	157732195	157732896	0.148	0.236	0.056832	High
chr7	157732987	157733270	0.177	0.059	0.041772	High
chr7	157733403	157733562	0.235	0.002	0.055695	High
chr7	157733729	157733919	0.134	-0.052	0.010988	Others
chr7	157826198	157826258	0.22	0.351	0.12562	High
chr7	157994744	157994985	0.264	0.177	0.116424	High
chr7	158071781	158071925	-0.142	-0.019	0.022862	Low
chr7	158164353	158164414	0.235	0.149	0.09024	High
chr7	158188362	158188447	0.237	0.176	0.097881	High
chr7	158236782	158237755	0.101	0.09	0.019291	High
chr7	158248781	158248892	0.181	0.023	0.036924	High
chr7	158253874	158254616	-0.22	-0.029	0.05478	Low
chr7	158336021	158336269	0.167	0.238	0.067635	High
chr7	158336835	158336942	0.274	0.283	0.152618	High
chr7	158337584	158337722	-0.117	-0.147	0.030888	Low
chr7	158338614	158339258	-0.162	-0.151	0.050706	Low
chr7	158339440	158340130	-0.166	-0.087	0.041998	Low
chr7	158340718	158340934	-0.329	-0.318	0.212863	Low
chr7	158426921	158427469	0.321	0.08	0.128721	High
chr7	158667781	158667982	0.164	0.012	0.028864	High
chr7	158708056	158712069	-0.211	-0.165	0.079336	Low
chr7	158891855	158891924	0.211	0.051	0.055282	High
chr7	159006222	159006297	0.578	0.188	0.442748	High
chr7	159090253	159090521	0.069	0.264	0.022977	High
chr8	82577	82717	0.336	0.167	0.169008	High
chr8	303684	304124	-0.261	0.07	0.049851	Others
chr8	696550	696705	-0.158	-0.121	0.044082	Low
chr8	714182	714267	0.507	0.02	0.267189	High
chr8	7134140	7137879	-0.424	-0.294	0.304432	Low
chr8	8528520	8529433	-0.304	0.004	0.0912	Others
chr8	10833614	10833709	0.43	0.105	0.23005	High
chr8	11969428	11969732	0.576	0.348	0.532224	High
chr8	12013862	12014738	-0.399	-0.466	0.345135	Low
chr8	12531959	12537929	0.209	0.024	0.048697	High
chr8	20122751	20123065	0.426	0.437	0.367638	High
chr8	23898372	23898509	0.285	0.088	0.106305	High
chr8	33301262	33302857	-0.533	0.232	0.160433	Others
chr8	34528514	34528637	0.413	0.262	0.278775	High
chr8	39907795	39908126	0.469	0.304	0.362537	High
chr8	40917103	40922258	-0.377	-0.08	0.172289	Low
chr8	42072730	42073044	-0.189	0.055	0.025326	Others
chr8	42520414	42522788	0.187	0.022	0.039083	High
chr8	51534514	51534652	0.162	-0.009	0.024786	Others
chr8	51825401	51825723	0.109	0.134	0.026487	High
chr8	53292322	53292637	0.312	0.334	0.201552	High
chr8	62017584	62017895	0.344	0.39	0.252496	High
chr8	63798217	63800664	-0.14	-0.255	0.0553	Low
chr8	67815085	67815416	0.639	0.284	0.589797	High
chr8	69445378	69445690	0.313	0.496	0.253217	High
chr8	71639170	71639503	0.429	0.376	0.345345	High
chr8	72875530	72881587	0.466	0.245	0.331326	High
chr8	83384713	83384860	0.335	0.391	0.24321	High
chr8	85747538	85753710	-0.267	-0.175	0.118014	Low
chr8	85750087	85761613	-0.189	0.105	0.015876	Others
chr8	85768452	85773807	0.087	0.095	0.015834	High
chr8	85778099	85781183	-0.368	-0.168	0.197248	Low
chr8	100972868	100980905	-0.293	-0.175	0.137124	Low
chr8	102429238	102429646	0.211	0.062	0.057603	High
chr8	102928429	102928674	0.476	0.038	0.244664	High
chr8	105169167	105169494	0.401	0.265	0.267066	High
chr8	109498078	109498399	0.466	0.225	0.322006	High
chr8	111281822	111284909	0.123	-0.007	0.014268	Others
chr8	114621683	114633668	-0.603	0.001	0.363006	Others
chr8	117700549	117700879	0.085	0.493	0.04913	High
chr8	117968518	117968868	0.423	0.31	0.310059	High
chr8	121201156	121201267	0.481	0.176	0.316017	High
chr8	122036167	122036496	-0.266	0.115	0.040166	Others
chr8	125582877	125588889	0.454	-0.136	0.144372	Others
chr8	128118532	128118660	0.514	0.054	0.291952	High
chr8	141632966	141634091	-0.271	-0.196	0.126557	Low
chr8	141633413	141634583	-0.31	-0.169	0.14849	Low
chr8	141970978	141971156	-0.263	-0.004	0.070221	Low
chr8	143861108	143862709	0.624	0.009	0.394992	High
chr8	144624682	144625242	0.075	0.278	0.026475	High
chr8	144625651	144625701	0.132	0.072	0.026928	High
chr9	29189031	29189117	0.414	0.127	0.223974	High
chr9	32315155	32315381	0.428	0.24	0.285904	High
chr9	33573403	33574214	-0.246	0.013	0.057318	Others
chr9	34075010	34075332	-0.26	-0.037	0.07722	Low
chr9	36474249	36475081	0.3	0.018	0.0954	High
chr9	40561933	40566035	0.158	0.327	0.07663	High
chr9	40902057	40902567	-0.061	-0.175	0.014396	Low
chr9	40970672	40981516	0.545	0.238	0.426735	High
chr9	41556349	41556665	0.229	0.481	0.16259	High
chr9	42402280	42402616	0.148	0.225	0.055204	High
chr9	43153458	43156743	0.126	0.15	0.034776	High
chr9	43177858	43178192	-0.224	-0.067	0.065184	Low
chr9	60559274	60559952	0.258	0.292	0.1419	High
chr9	60559550	60561923	0.082	0.122	0.016728	High
chr9	60563389	60564066	-0.374	0.052	0.120428	Others
chr9	61990120	61990197	0.93	0.306	1.14948	High
chr9	64321827	64322141	0.543	0.682	0.665175	High
chr9	64446881	64450777	0.306	-0.085	0.067626	Others
chr9	66129155	66144582	-0.19	-0.215	0.07695	Low
chr9	67383778	67384094	0.527	0.199	0.382602	High
chr9	74909234	74909420	0.324	0.215	0.174636	High
chr9	76121810	76122121	0.473	0.289	0.360426	High
chr9	81015522	81015834	0.096	0.514	0.05856	High
chr9	81709433	81712010	0.358	0.322	0.24344	High
chr9	87913353	87913768	0.17	-0.036	0.02278	Others
chr9	88244068	88246047	0.586	0.552	0.666868	High
chr9	91385878	91386199	0.417	0.222	0.266463	High
chr9	93708072	93709181	0.201	-0.051	0.03015	Others
chr9	95503732	95504060	0.426	0.289	0.30459	High
chr9	98546761	98549381	0.119	0.088	0.024633	High
chr9	103806019	103807447	-0.185	-0.167	0.06512	Low
chr9	106261835	106262145	0.152	0.069	0.033592	High
chr9	112515100	112515276	0.761	0.012	0.588253	High
chr9	113376261	113376547	-0.324	-0.368	0.224208	Low
chr9	113900688	113900804	0.195	0.207	0.07839	High
chr9	113900833	113901027	0.147	0.152	0.043953	High
chr9	114323346	114330116	-0.118	-0.011	0.015222	Low
chr9	125392591	125393352	0.145	0.134	0.040455	High
chr9	126758160	126760965	-0.195	-0.066	0.050895	Low
chr9	128138821	128139778	0.098	0.234	0.032536	High
chr9	128954249	128954418	0.167	0.03	0.032899	High
chr9	129264406	129265789	-0.12	-0.049	0.02028	Low
chr9	133071240	133071338	0.283	-0.018	0.074995	Others
chr9	133185328	133185644	0.471	0.362	0.392343	High
chr9	133300117	133300200	-0.239	-0.047	0.068354	Low
chr9	133827434	133828256	0.115	0.096	0.024265	High
chr9	134116910	134118417	0.251	0.027	0.069778	High
chr9	134464568	134466505	0.069	0.47	0.037191	High
chr9	134465360	134465473	0.419	0.153	0.239668	High
chr9	135548977	135549136	0.485	0.57	0.511675	High
chr9	135981630	135981749	-0.422	-0.259	0.287382	Low
chr9	136803010	136803279	0.077	0.271	0.026796	High
chr9	137288395	137288520	0.341	0.275	0.210056	High
chr9	137359057	137361506	-0.378	-0.057	0.16443	Low
chr9	137819045	137819158	0.142	0.02	0.023004	High
chr10	321901	322436	0.178	0.086	0.046992	High
chr10	322716	322813	0.371	0.037	0.151368	High
chr10	323124	323318	0.311	0.005	0.098276	High
chr10	367893	368182	-0.373	-0.473	0.315558	Low
chr10	429338	429552	0.103	0.219	0.033166	High
chr10	678928	679065	0.365	0.225	0.21535	High
chr10	679152	679537	0.21	0.123	0.06993	High
chr10	757327	757558	0.216	-0.03	0.040176	Others
chr10	793885	794187	0.23	0.083	0.07199	High
chr10	952645	953112	0.118	0.141	0.030562	High
chr10	1038690	1038815	0.39	-0.131	0.10101	Others
chr10	1239452	1239811	-0.29	-0.19	0.1392	Low
chr10	1373787	1373852	0.341	0.336	0.230857	High
chr10	1464160	1464225	0.409	0.178	0.240083	High
chr10	1464482	1464613	0.068	0.116	0.012512	High
chr10	2522246	2522587	0.109	0.074	0.019947	High
chr10	3458286	3458377	0.172	0.076	0.042656	High
chr10	3556356	3556497	0.458	0.21	0.305944	High
chr10	6210002	6210956	0.739	0.116	0.631845	High
chr10	9273072	9273270	0.281	0.258	0.151459	High
chr10	10767840	10768009	0.035	0.34	0.013125	High
chr10	14894349	14894665	0.629	0.065	0.436526	High
chr10	15490465	15490774	0.229	0.27	0.114271	High
chr10	17268711	17271724	0.096	0.184	0.02688	High
chr10	17271745	17273509	0.204	0.041	0.04998	High
chr10	19108379	19108715	0.479	0.549	0.492412	High
chr10	27823846	27824161	0.065	0.503	0.03692	High
chr10	31154421	31155934	-0.086	-0.06	0.012556	Low
chr10	31968952	31971683	0.099	0.177	0.027324	High
chr10	32950925	32951634	0.459	0.165	0.286416	High
chr10	33203712	33204000	0.256	0.349	0.15488	High
chr10	35549739	35549902	0.42	0.034	0.19068	High
chr10	38594428	38594502	0.255	0.088	0.087465	High
chr10	38786076	38786240	-0.196	-0.054	0.049	Low
chr10	38942134	38942409	0.077	0.1	0.013629	High
chr10	39340837	39359930	-0.252	0.137	0.02898	Others
chr10	41533499	41534177	0.08	0.049	0.01032	High
chr10	42103898	42104015	0.513	0.013	0.269838	High
chr10	42132983	42135499	-0.147	-0.111	0.037926	Low
chr10	42137464	42139116	0.276	0.488	0.210864	High
chr10	42168512	42171827	0.448	0.032	0.21504	High
chr10	45870397	45870543	0.342	0	0.116964	Others
chr10	52067907	52068224	0.226	0.359	0.13221	High
chr10	57255457	57255798	0.406	0.303	0.287854	High
chr10	61983855	61984032	0.188	0.237	0.0799	High
chr10	62947794	62948312	0.474	0.093	0.268758	High
chr10	64639013	64640986	0.262	0.325	0.153794	High
chr10	64660372	64660685	0.178	0.226	0.071912	High
chr10	65547174	65555535	-0.427	0.027	0.1708	Others
chr10	68308468	68310886	0.278	-0.047	0.064218	Others
chr10	69238362	69238683	0.353	0.28	0.223449	High
chr10	69521247	69531335	-0.394	0.129	0.10441	Others
chr10	70687100	70687178	0.083	0.133	0.017928	High
chr10	70687611	70687836	0.468	0.016	0.226512	High
chr10	70688979	70691577	-0.286	-0.228	0.147004	Low
chr10	79279079	79279162	0.409	0.01	0.171371	High
chr10	79965529	79967668	0.178	0.006	0.032752	High
chr10	96777390	96777697	0.284	0.215	0.141716	High
chr10	98265361	98265695	0.389	0.215	0.234956	High
chr10	100651657	100651881	-0.682	-0.404	0.740652	Low
chr10	102768366	102768689	0.278	0.072	0.0973	High
chr10	103337765	103338078	0.577	0.02	0.344469	High
chr10	105917785	105918109	0.037	0.336	0.013801	High
chr10	112352423	112356899	0.251	-0.015	0.059236	Others
chr10	113285013	113286267	-0.193	0.053	0.02702	Others
chr10	119394266	119394498	-0.223	-0.247	0.10481	Low
chr10	119722321	119722418	0.196	0.018	0.041944	High
chr10	122203284	122203360	0.481	0.198	0.326599	High
chr10	122584081	122596784	-0.178	-0.015	0.034354	Low
chr10	122602563	122610680	0.07	0.207	0.01939	High
chr10	126056611	126057410	0.09	0.297	0.03483	High
chr10	129796913	129797208	0.14	0.126	0.03724	High
chr10	131042723	131042931	0.418	0.302	0.30096	High
chr10	131060208	131060556	0.374	0.321	0.25993	High
chr10	131322646	131322745	0.185	0.364	0.101565	High
chr10	131344311	131344561	0.301	0.333	0.190834	High
chr10	132116503	132116694	0.162	-0.015	0.023814	Others
chr10	132352058	132352683	0.182	0.03	0.038584	High
chr10	132799302	132799401	0.275	0.137	0.1133	High
chr10	132888420	132888563	0.451	0.266	0.323367	High
chr10	132914259	132914588	0.18	0.052	0.04176	High
chr10	133017449	133017917	0.095	0.091	0.01767	High
chr10	133018343	133018481	0.196	-0.042	0.030184	Others
chr10	133030041	133030202	-0.355	-0.107	0.16401	Low
chr10	133041699	133041982	0.258	0.22	0.123324	High
chr10	133137677	133138759	-0.398	-0.127	0.20895	Low
chr10	133208356	133208532	-0.3	-0.303	0.1809	Low
chr10	133222580	133223143	-0.21	-0.01	0.0462	Low
chr10	133291252	133292461	0.361	0.019	0.13718	High
chr10	133431212	133431819	-0.181	-0.368	0.099369	Low
chr10	133480220	133480379	0.214	-0.029	0.03959	Others
chr10	133766618	133770802	0.298	0.162	0.13708	High
chr11	309457	310163	0.094	0.219	0.029422	High
chr11	363171	363258	0.26	0.244	0.13104	High
chr11	363572	363657	0.162	0.261	0.068526	High
chr11	402044	402150	-0.25	0.087	0.04075	Others
chr11	402063	402256	-0.358	0.101	0.092006	Others
chr11	487980	488048	-0.065	-0.152	0.014105	Low
chr11	664868	665181	0.093	0.058	0.014043	High
chr11	735094	735360	0.204	0.18	0.078336	High
chr11	735655	735867	0.205	-0.011	0.03977	Others
chr11	1080083	1080271	0.216	0.067	0.061128	High
chr11	1081123	1081252	0.196	-0.046	0.0294	Others
chr11	1255550	1255785	-0.255	-0.076	0.084405	Low
chr11	1294621	1294902	0.2	0.007	0.0414	High
chr11	1412166	1412417	0.16	0.091	0.04016	High
chr11	1431109	1431249	0.098	0.074	0.016856	High
chr11	1431393	1431531	-0.121	-0.184	0.036905	Low
chr11	1432174	1432363	0.139	0.088	0.031553	High
chr11	1432505	1432645	0.345	0.047	0.13524	High
chr11	1941656	1941834	0.218	0.113	0.072158	High
chr11	2308416	2308551	0.681	0.06	0.504621	High
chr11	2938200	2938375	0.366	0.024	0.14274	High
chr11	3409572	3409727	0.182	0.085	0.048594	High
chr11	5616197	5617735	0.553	-0.039	0.284242	Others
chr11	8304510	8304647	0.053	0.454	0.026871	High
chr11	11854051	11855010	0.378	-0.002	0.142128	Others
chr11	12922185	12922461	0.137	0.403	0.07398	High
chr11	17174292	17174604	0.11	0.063	0.01903	High
chr11	18467967	18468048	0.653	0.094	0.487791	High
chr11	31130884	31131199	0.108	0.605	0.077004	High
chr11	36144853	36145106	0.345	0.135	0.1656	High
chr11	36145321	36145447	0.452	0.013	0.21018	High
chr11	46014684	46015030	0.212	0.036	0.052576	High
chr11	47866115	47866640	0.13	0.441	0.07423	High
chr11	48713180	48715395	0.301	0.185	0.146286	High
chr11	55117850	55124728	-0.462	-0.378	0.38808	Low
chr11	56943393	56944763	-0.154	-0.069	0.034342	Low
chr11	59041812	59042143	0.254	0.332	0.148844	High
chr11	60803957	60804447	-0.184	-0.201	0.07084	Low
chr11	60815385	60815561	0.868	0.067	0.81158	High
chr11	62122832	62122921	0.086	0.062	0.012728	High
chr11	68390682	68390733	0.156	0.149	0.04758	High
chr11	68415625	68415934	0.167	0.187	0.059118	High
chr11	70599451	70599634	-0.081	-0.164	0.019845	Low
chr11	71167970	71168322	0.293	0.387	0.19924	High
chr11	71584499	71584577	0.178	0.127	0.05429	High
chr11	72150553	72150867	0.042	0.414	0.019152	High
chr11	86593188	86595515	0.174	0.224	0.069252	High
chr11	90055945	90056258	0.314	0.245	0.175526	High
chr11	93946063	93948256	0.311	0.219	0.16483	High
chr11	95436215	95442266	0.385	0.086	0.181335	High
chr11	105894779	105895097	0.149	0.339	0.072712	High
chr11	114961062	114961201	0.674	0.503	0.793298	High
chr11	124905138	124908401	-0.323	-0.276	0.193477	Low
chr11	128173070	128173396	0.252	0.552	0.202608	High
chr11	129563411	129563648	-0.214	-0.19	0.086456	Low
chr11	130091133	130091585	0.417	0.449	0.361122	High
chr11	134664377	134664492	0.422	0.455	0.370094	High
chr11	135039968	135040242	0.214	0.066	0.05992	High
chr11	135041523	135041719	0.397	0.07	0.185399	High
chr12	1293389	1293564	0.415	0.217	0.26228	High
chr12	2105712	2105816	0.211	0.118	0.069419	High
chr12	2106221	2107182	-0.347	-0.518	0.300155	Low
chr12	2843755	2844199	0.122	0.155	0.033794	High
chr12	3095499	3095627	0.191	0.12	0.059401	High
chr12	7979749	7980264	0.135	-0.023	0.01512	Others
chr12	7980072	7980591	0.15	0.048	0.0297	High
chr12	8405890	8438286	-0.156	-0.096	0.039312	Low
chr12	12110404	12110736	0.109	0.849	0.104422	High
chr12	13046134	13046237	0.514	0.416	0.47802	High
chr12	14105667	14105997	0.304	0.442	0.226784	High
chr12	18369507	18369716	0.113	0.192	0.034465	High
chr12	20709585	20709922	0.192	0.134	0.062592	High
chr12	26784975	26785222	0.117	0.039	0.018252	High
chr12	27281054	27281384	0.516	0.577	0.563988	High
chr12	27942674	27943334	0.106	0.088	0.020564	High
chr12	31799225	31801551	0.532	0.614	0.609672	High
chr12	33671157	33671659	-0.097	-0.112	0.020273	Low
chr12	34772915	34773593	-0.132	-0.155	0.037884	Low
chr12	34775633	34776311	-0.18	-0.292	0.08496	Low
chr12	34776549	34777225	0.202	0.133	0.06767	High
chr12	34787056	34787395	0.251	0.089	0.08534	High
chr12	34800468	34803524	0.094	0.044	0.012972	High
chr12	34810839	34811516	0.095	0.073	0.01596	High
chr12	41266014	41266330	-0.179	-0.179	0.064082	Low
chr12	46635676	46639049	-0.379	-0.303	0.258478	Low
chr12	48332507	48332585	0.068	0.152	0.01496	High
chr12	53851623	53851911	0.101	0.09	0.019291	High
chr12	60128058	60131253	-0.389	-0.333	0.280858	Low
chr12	66133855	66136095	0.555	0.541	0.60828	High
chr12	70478486	70484435	-0.476	-0.427	0.429828	Low
chr12	83565438	83565753	0.412	0.075	0.200644	High
chr12	83648490	83648802	0.204	0.241	0.09078	High
chr12	93110517	93111603	0.355	0.319	0.23927	High
chr12	94950280	94950589	0.426	0.093	0.221094	High
chr12	97408788	97409000	-0.192	-0.101	0.056256	Low
chr12	111858637	111859371	0.572	0.409	0.561132	High
chr12	114064028	114064385	0.597	0.348	0.564165	High
chr12	119002903	119005009	-0.557	-0.518	0.598775	Low
chr12	119918428	119918650	0.216	0.163	0.081864	High
chr12	122124331	122124413	0.613	0.328	0.576833	High
chr12	126420555	126420868	0.445	0.385	0.36935	High
chr12	127018079	127018306	0.416	0.255	0.279136	High
chr12	127553432	127553748	0.164	0.3	0.076096	High
chr12	128447697	128447995	-0.124	-0.071	0.02418	Low
chr12	128846280	128846388	0.139	0.249	0.053932	High
chr12	129087852	129087992	0.287	0.055	0.098154	High
chr12	129855308	129855412	-0.195	-0.348	0.105885	Low
chr12	129858685	129858789	0.379	0.547	0.350954	High
chr12	129924626	129924735	-0.325	-0.204	0.171925	Low
chr12	130996321	130996446	0.108	0.047	0.01674	High
chr12	130997380	130997459	0.354	0.419	0.273642	High
chr12	131428726	131429207	-0.352	-0.109	0.162272	Low
chr12	131432933	131433363	0.101	0.277	0.038178	High
chr12	131433038	131433942	0.104	0.227	0.034424	High
chr12	131433478	131433747	0.193	0.058	0.048443	High
chr12	131434226	131434359	-0.119	-0.12	0.028441	Low
chr12	132149006	132150364	0.511	0.232	0.379673	High
chr12	132212158	132212357	-0.079	-0.15	0.018091	Low
chr12	132212559	132212799	-0.55	-0.33	0.484	Low
chr12	132213061	132213220	-0.26	-0.229	0.12714	Low
chr12	132232257	132235084	0.15	0.032	0.0273	High
chr12	132247673	132247744	0.306	0.341	0.197982	High
chr12	132295827	132295878	0.142	0.157	0.042458	High
chr12	132358817	132358930	0.115	0.051	0.01909	High
chr12	132359058	132359206	0.167	0.11	0.046259	High
chr12	132365714	132366067	0.456	0.287	0.338808	High
chr12	132383400	132384075	-0.26	-0.105	0.0949	Low
chr12	132410886	132411908	0.201	0.141	0.068742	High
chr12	132473094	132473213	0.375	0.129	0.189	High
chr12	132473390	132473631	0.372	0.069	0.164052	High
chr12	132563774	132563853	-0.521	-0.419	0.48974	Low
chr12	132564613	132564746	0.813	0.46	1.03495	High
chr12	132868806	132869117	0.214	0.263	0.102078	High
chr12	132895535	132895938	0.072	0.227	0.021528	High
chr13	19195312	19196815	0.17	0.339	0.08653	High
chr13	19779791	19779876	0.466	0.487	0.444098	High
chr13	23483501	23483832	0.087	0.219	0.026622	High
chr13	24136815	24137128	0.271	0.321	0.160432	High
chr13	26475904	26478048	-0.428	-0.437	0.37022	Low
chr13	29148457	29148776	0.527	0.629	0.609212	High
chr13	29380620	29380943	0.266	0.477	0.197638	High
chr13	36232633	36232723	0.106	0.042	0.015688	High
chr13	40696985	40697299	-0.605	-0.616	0.738705	Low
chr13	42965658	42967310	0.201	0.433	0.127434	High
chr13	43043823	43047523	-0.209	-0.209	0.087362	Low
chr13	45381497	45382137	0.134	0.178	0.041808	High
chr13	47115341	47115654	0.424	0.41	0.353616	High
chr13	47845790	47845945	0.108	0.232	0.03672	High
chr13	48959377	48962472	-0.222	-0.177	0.088578	Low
chr13	53949930	53950254	0.298	0.349	0.192806	High
chr13	63069051	63069352	-0.103	-0.013	0.011948	Low
chr13	63741115	63741273	0.208	0.102	0.06448	High
chr13	71734388	71734612	0.445	0.631	0.47882	High
chr13	82605313	82605619	0.489	0.209	0.341322	High
chr13	94392631	94392768	-0.374	-0.468	0.314908	Low
chr13	104508858	104509171	0.607	0.574	0.716867	High
chr13	107272190	107272512	0.383	0.498	0.337423	High
chr13	108709397	108710088	-0.148	-0.224	0.055056	Low
chr13	110160144	110160458	0.401	0.3	0.281101	High
chr13	110313579	110313850	0.164	0.221	0.06314	High
chr13	110408868	110409010	0.126	0.286	0.051912	High
chr13	110457026	110457150	-0.169	-0.166	0.056615	Low
chr13	112864937	112865044	0.14	0.289	0.06006	High
chr13	113011948	113012109	0.141	0.177	0.044838	High
chr13	113012179	113012340	0.121	0.063	0.022264	High
chr13	113012432	113012595	0.265	0.106	0.098315	High
chr13	113108009	113108349	0.367	0.356	0.265341	High
chr13	113314748	113315129	0.431	0.61	0.448671	High
chr13	113725475	113725537	-0.285	-0.003	0.08208	Low
chr13	113725538	113725789	-0.444	-0.51	0.423576	Low
chr13	113831721	113831872	0.146	0.128	0.040004	High
chr13	113940486	113941013	-0.349	-0.284	0.220917	Low
chr13	114083770	114084309	-0.119	-0.116	0.027965	Low
chr13	114083861	114084076	-0.138	-0.083	0.030498	Low
chr13	114085156	114086018	0.205	0.044	0.051045	High
chr13	114111271	114111460	0.084	0.094	0.014952	High
chr13	114117125	114117277	0.706	0.078	0.553504	High
chr13	114225119	114226404	0.063	0.215	0.017514	High
chr13	114231078	114231248	0.304	0.298	0.183008	High
chr14	18901837	18902123	0.205	0.029	0.04797	High
chr14	19267339	19267501	0.311	0.402	0.221743	High
chr14	19383617	19384256	-0.195	-0.066	0.050895	Low
chr14	19408948	19411601	-0.393	-0.352	0.292785	Low
chr14	19713937	19714280	0.147	0.207	0.052038	High
chr14	20082547	20087209	-0.241	-0.269	0.12291	Low
chr14	20212645	20213125	-0.16	-0.157	0.05072	Low
chr14	20310286	20310441	0.246	0.088	0.082164	High
chr14	21484465	21486501	0.498	0.432	0.46314	High
chr14	22638776	22640002	0.268	0.557	0.2211	High
chr14	23705804	23706135	-0.075	-0.081	0.0117	Low
chr14	24010055	24015416	0.101	0.086	0.018887	High
chr14	45126264	45128110	0.23	0.195	0.09775	High
chr14	45635575	45635648	0.326	0.275	0.195926	High
chr14	45823426	45823736	-0.133	-0.11	0.032319	Low
chr14	45844112	45845177	0.14	0.332	0.06608	High
chr14	47865038	47865352	-0.315	-0.346	0.208215	Low
chr14	49652152	49652308	0.914	0.344	1.14981	High
chr14	50942181	50942811	0.342	0.445	0.269154	High
chr14	54243628	54246966	-0.212	-0.279	0.104092	Low
chr14	60591337	60592754	0.157	0.257	0.064998	High
chr14	63257033	63258188	-0.464	-0.467	0.431984	Low
chr14	65060426	65060709	0.327	0.225	0.180504	High
chr14	66343911	66344222	-0.104	-0.111	0.02236	Low
chr14	66545477	66545574	0.228	0.194	0.096216	High
chr14	70971110	70971442	0.136	0.265	0.054536	High
chr14	77783509	77783846	0.566	0.489	0.59713	High
chr14	81411793	81414177	0.193	0.191	0.074112	High
chr14	82553257	82553537	0.468	0.45	0.429624	High
chr14	85876491	85876811	0.078	0.407	0.03783	High
chr14	88942484	88942733	0.265	0.177	0.11713	High
chr14	90525388	90525993	0.158	0.038	0.030968	High
chr14	92870597	92872377	-0.216	0.056	0.03456	Others
chr14	100378660	100378992	0.412	0.546	0.394696	High
chr14	100705891	100706039	-0.336	-0.23	0.190176	Low
chr14	103297684	103297787	0.335	0.372	0.236845	High
chr14	104208723	104208960	0.391	0.426	0.319447	High
chr14	104251365	104251458	0.257	0.285	0.139294	High
chr14	104430159	104430410	0.65	0.77	0.923	High
chr14	104826837	104827022	-0.217	-0.367	0.126728	Low
chr14	104884690	104884792	-0.597	-0.409	0.600582	Low
chr14	104905206	104905420	0.342	0.016	0.122436	High
chr14	104906821	104906949	0.151	0.352	0.075953	High
chr14	105039960	105040707	0.348	-0.002	0.120408	Others
chr14	105110320	105113244	0.594	0.33	0.548856	High
chr14	106330062	106355097	0.551	0.487	0.571938	High
chr15	17260242	17262976	0.166	0.07	0.039176	High
chr15	17364107	17368544	-0.238	-0.267	0.12019	Low
chr15	18800337	18800848	0.179	0.251	0.07697	High
chr15	19816857	19818826	-0.246	-0.165	0.101106	Low
chr15	19943676	19943836	0.254	0.386	0.16256	High
chr15	20376210	20384359	-0.149	-0.204	0.052597	Low
chr15	21159557	21159839	0.245	0.329	0.14063	High
chr15	22223671	22224003	-0.546	-0.647	0.651378	Low
chr15	22890630	22890751	0.306	0.343	0.198594	High
chr15	23279837	23280813	-0.265	-0.305	0.15105	Low
chr15	23321763	23322746	-0.12	-0.187	0.03684	Low
chr15	23961910	23962218	0.333	0.381	0.237762	High
chr15	24104720	24104927	0.164	0.258	0.069208	High
chr15	25686249	25687232	-0.358	-0.402	0.27208	Low
chr15	28350834	28351217	0.303	0.383	0.207858	High
chr15	34638544	34638873	0.43	0.301	0.31433	High
chr15	45775766	45776115	0.235	0.414	0.152515	High
chr15	49549916	49550013	0.095	0.168	0.024985	High
chr15	51293986	51294257	0.747	-0.014	0.547551	Others
chr15	58304297	58304617	0.302	0.273	0.17365	High
chr15	67242127	67242460	0.128	0.111	0.030592	High
chr15	68860147	68860323	0.355	0.26	0.218325	High
chr15	70729500	70735168	0.27	0.113	0.10341	High
chr15	71416273	71421350	-0.097	-0.317	0.040158	Low
chr15	78556721	78558360	0.297	0.434	0.217107	High
chr15	79599501	79599821	0.541	0.35	0.482031	High
chr15	79619253	79619563	0.193	0.352	0.105185	High
chr15	82882868	82888917	-0.223	-0.183	0.090538	Low
chr15	82997738	82997867	0.22	0.334	0.12188	High
chr15	84169268	84173806	-0.68	-0.704	0.94112	Low
chr15	85559654	85559748	0.061	0.104	0.010065	High
chr15	88552419	88552496	0.106	0.204	0.03286	High
chr15	90819208	90819348	0.079	0.247	0.025754	High
chr15	90858866	90859185	0.465	0.454	0.427335	High
chr15	91438854	91440153	-0.293	-0.292	0.171405	Low
chr15	92768558	92768631	0.107	0.08	0.020009	High
chr15	98055476	98055789	-0.186	-0.173	0.066774	Low
chr15	99031253	99032378	-0.086	-0.131	0.018662	Low
chr15	99876456	99883029	0.608	0.267	0.532	High
chr15	100102365	100102476	-0.331	-0.221	0.182712	Low
chr15	100801282	100802164	-0.396	-0.336	0.289872	Low
chr15	101764555	101764619	0.424	0.323	0.316728	High
chr15	101892795	101894564	-0.727	-0.693	1.03234	Low
chr16	186034	186679	0.085	0.1	0.015725	High
chr16	493796	494092	0.337	0.286	0.209951	High
chr16	904626	904717	0.084	0.097	0.015204	High
chr16	917292	917383	0.138	0.075	0.029394	High
chr16	922851	922915	0.165	0.176	0.056265	High
chr16	950297	950449	-0.117	-0.013	0.01521	Low
chr16	953438	953983	-0.377	-0.23	0.228839	Low
chr16	1737989	1738502	0.258	0.156	0.106812	High
chr16	2297941	2298180	0.158	0.141	0.047242	High
chr16	8016619	8016944	0.073	0.092	0.012045	High
chr16	8954012	8954088	0.548	0.322	0.47676	High
chr16	15138973	15144410	-0.124	-0.018	0.017608	Low
chr16	18821202	18827053	0.058	0.258	0.018328	High
chr16	19494994	19495312	0.082	0.688	0.06314	High
chr16	21402833	21403084	0.347	0.052	0.138453	High
chr16	22520675	22520857	0.366	0.011	0.137982	High
chr16	22535269	22535520	0.289	0.081	0.10693	High
chr16	22536124	22536210	-0.84	-0.877	1.44228	Low
chr16	24574842	24574997	0.571	0.659	0.70233	High
chr16	25328788	25331805	-0.123	-0.363	0.059778	Low
chr16	26596702	26597043	0.229	0.252	0.110149	High
chr16	29298827	29298906	0.132	0.746	0.115896	High
chr16	29382284	29382409	-0.853	-0.499	1.15326	Low
chr16	30225132	30225245	0.474	0.608	0.512868	High
chr16	31960878	31961148	-0.141	-0.151	0.041172	Low
chr16	34185916	34187626	-0.309	-0.274	0.180147	Low
chr16	34286260	34286595	0.183	0.152	0.061305	High
chr16	36009789	36010129	-0.587	-0.581	0.685616	Low
chr16	36101776	36101835	0.239	0.14	0.090581	High
chr16	36101940	36102359	0.287	0.29	0.165599	High
chr16	36313884	36314689	0.142	0.158	0.0426	High
chr16	36325123	36326144	0.134	0.109	0.032562	High
chr16	36330528	36330864	-0.352	-0.278	0.22176	Low
chr16	48475005	48477464	0.341	0.38	0.245861	High
chr16	49002161	49002295	0.318	0.422	0.23532	High
chr16	49945485	49945798	-0.119	-0.137	0.030464	Low
chr16	58993694	58994110	0.05	0.21	0.013	High
chr16	59998178	59998491	0.401	0.362	0.305963	High
chr16	70519106	70519425	0.324	0.172	0.160704	High
chr16	75204712	75205295	0.272	0.209	0.130832	High
chr16	77806359	77806492	-0.188	-0.161	0.065612	Low
chr16	81866385	81866668	0.467	0.328	0.371265	High
chr16	82970370	82970664	0.06	0.449	0.03054	High
chr16	85115881	85116468	-0.221	-0.117	0.074698	Low
chr16	85404614	85405042	0.143	0.399	0.077506	High
chr16	86686324	86686642	0.214	0.446	0.14124	High
chr16	86884185	86884266	-0.19	-0.036	0.04294	Low
chr16	88079128	88082060	0.143	0.294	0.062491	High
chr16	88206801	88206926	0.105	0.096	0.021105	High
chr16	88206870	88207425	0.352	0.332	0.240768	High
chr16	88237168	88237601	-0.215	-0.153	0.07912	Low
chr16	88771881	88772000	-0.377	-0.315	0.260884	Low
chr16	88823462	88823543	-0.112	-0.074	0.020832	Low
chr16	88933252	88933629	0.859	0.41	1.09007	High
chr16	88967162	88967215	-0.105	-0.322	0.044835	Low
chr16	89165867	89166182	0.247	-0.019	0.056316	Others
chr16	89421265	89421414	0.105	0.041	0.01533	High
chr16	89429172	89429885	0.215	0.079	0.06321	High
chr16	89732723	89732998	-0.071	-0.088	0.011289	Low
chr16	90003525	90003689	0.103	0.323	0.043878	High
chr16	90162641	90166059	-0.254	-0.282	0.136144	Low
chr16	90170297	90170491	0.236	0.436	0.158592	High
chr17	255954	256087	0.111	0.127	0.026418	High
chr17	403894	403980	0.272	0.206	0.130016	High
chr17	503083	503174	-0.346	-0.384	0.25258	Low
chr17	505889	506449	0.103	0.071	0.017922	High
chr17	505896	506675	0.102	0.018	0.01224	High
chr17	513665	513893	-0.139	-0.153	0.040588	Low
chr17	657939	658030	0.366	0.144	0.18666	High
chr17	820561	821699	0.142	0.236	0.053676	High
chr17	948881	949486	0.082	0.517	0.049118	High
chr17	952303	952621	0.121	0.246	0.044407	High
chr17	1243000	1244344	0.292	0.104	0.115632	High
chr17	1751381	1752105	-0.245	-0.254	0.122255	Low
chr17	2447502	2447629	0.428	0.145	0.245244	High
chr17	3465047	3465260	0.802	0.251	0.844506	High
chr17	5367551	5368037	0.41	0.563	0.39893	High
chr17	5691302	5691674	-0.162	-0.104	0.043092	Low
chr17	5692384	5694177	0.156	0.14	0.046176	High
chr17	6030286	6030602	0.147	0.143	0.04263	High
chr17	7337829	7340246	0.649	0.07	0.466631	High
chr17	8810045	8811943	0.386	0.368	0.291044	High
chr17	10300103	10300453	0.4	0.543	0.3772	High
chr17	10988491	10989754	0.196	0.157	0.069188	High
chr17	11654053	11654373	0.427	0.276	0.300181	High
chr17	13317160	13317486	0.235	0.265	0.1175	High
chr17	13628366	13629375	-0.365	-0.14	0.184325	Low
chr17	15280141	15282377	-0.381	-0.408	0.300609	Low
chr17	18887825	18888849	0.924	0.222	1.0589	High
chr17	19506812	19507118	0.152	0.227	0.057608	High
chr17	21309594	21317869	-0.189	-0.198	0.073143	Low
chr17	21843853	21844115	0.441	0.085	0.231966	High
chr17	21846235	21847320	-0.275	-0.285	0.154	Low
chr17	21857338	21857532	0.155	0.126	0.043555	High
chr17	21857713	21857961	0.15	0.216	0.0549	High
chr17	21870255	21870479	-0.107	-0.153	0.02782	Low
chr17	22405795	22406422	0.114	0.05	0.018696	High
chr17	22406336	22407405	0.387	0.316	0.272061	High
chr17	26619495	26621872	-0.495	-0.432	0.458865	Low
chr17	26775193	26775485	0.316	0.389	0.22278	High
chr17	26810800	26811149	0.079	0.138	0.017143	High
chr17	26811753	26811926	-0.104	-0.207	0.032344	Low
chr17	26964339	26969432	-0.611	-0.608	0.744809	Low
chr17	28798864	28799219	0.341	0.251	0.201872	High
chr17	30661442	30662010	-0.158	-0.16	0.050244	Low
chr17	32179309	32179496	0.518	0.517	0.53613	High
chr17	34838353	34838491	-0.483	-0.449	0.450156	Low
chr17	43266286	43277638	0.363	0.162	0.190575	High
chr17	43298291	43299868	0.528	-0.003	0.2772	Others
chr17	43439584	43440871	-0.111	-0.085	0.021756	Low
chr17	44524963	44525089	0.506	0.784	0.65274	High
chr17	48538438	48539857	0.177	0.007	0.032568	High
chr17	48866926	48872430	0.386	0.465	0.328486	High
chr17	54245745	54245901	-0.176	-0.281	0.080432	Low
chr17	57610448	57612552	0.144	0.166	0.04464	High
chr17	60576835	60578578	-0.274	-0.247	0.142754	Low
chr17	67731238	67731513	0.347	0.388	0.255045	High
chr17	68552650	68552979	0.181	0.315	0.089776	High
chr17	73373872	73374702	0.075	0.134	0.015675	High
chr17	73726403	73726862	-0.363	-0.333	0.252648	Low
chr17	75803030	75803125	0.169	0.2	0.062361	High
chr17	77239866	77240207	0.217	0.096	0.067921	High
chr17	78286155	78287348	-0.154	-0.185	0.052206	Low
chr17	80315066	80315768	0.374	0.614	0.369512	High
chr17	80487998	80488682	-0.353	-0.465	0.288754	Low
chr17	80918456	80918509	0.39	0.275	0.25935	High
chr17	81154539	81154859	-0.087	-0.258	0.030015	Low
chr17	81209854	81210097	0.111	0.064	0.019425	High
chr17	82976821	82976943	0.228	0.232	0.10488	High
chr17	83055241	83055556	0.181	0.026	0.037467	High
chr17	83068435	83068502	0.074	0.706	0.05772	High
chr17	83102017	83103106	-0.248	-0.212	0.11408	Low
chr17	83215896	83216553	0.246	0.01	0.062976	High
chr17	83217455	83217830	0.625	0.673	0.81125	High
chr18	514649	514769	0.112	0.053	0.01848	High
chr18	515019	515235	0.524	0.6	0.588976	High
chr18	5324644	5326242	0.155	-0.078	0.011935	Others
chr18	6272749	6273332	-0.393	-0.415	0.317544	Low
chr18	9385393	9385716	0.249	0.486	0.183015	High
chr18	10607526	10607591	0.178	0.153	0.058918	High
chr18	11959580	11959695	0.27	0.367	0.17199	High
chr18	12980423	12980519	0.574	0.177	0.431074	High
chr18	13143166	13144157	0.134	0.066	0.0268	High
chr18	15388428	15389962	0.111	0.086	0.021867	High
chr18	15777150	15777662	-0.338	-0.32	0.222404	Low
chr18	15797738	15798200	0.139	0.019	0.021962	High
chr18	15827998	15828672	-0.074	-0.101	0.01295	Low
chr18	17282859	17283533	-0.278	-0.265	0.150954	Low
chr18	20582967	20583133	-0.193	-0.109	0.058286	Low
chr18	20630623	20635897	0.082	0.147	0.018778	High
chr18	20644037	20644887	-0.233	-0.134	0.085511	Low
chr18	20715090	20716617	-0.174	-0.215	0.067686	Low
chr18	20736600	20737106	-0.325	-0.324	0.210925	Low
chr18	20740346	20740851	-0.283	-0.253	0.151688	Low
chr18	20743298	20744147	0.14	0.099	0.03346	High
chr18	20764783	20766655	0.088	0.072	0.01408	High
chr18	20768379	20769398	-0.189	-0.219	0.077112	Low
chr18	20775864	20776883	-0.213	-0.21	0.090099	Low
chr18	20917798	20917963	-0.102	-0.069	0.017442	Low
chr18	25312516	25312839	0.227	0.09	0.071959	High
chr18	26466001	26466079	0.627	0.742	0.858363	High
chr18	28693035	28698455	0.265	0.022	0.076055	High
chr18	30049715	30050040	-0.077	-0.113	0.01463	Low
chr18	40426410	40427035	-0.316	-0.35	0.210456	Low
chr18	46170713	46171041	0.084	0.143	0.019068	High
chr18	47033994	47034569	-0.324	-0.315	0.207036	Low
chr18	49452650	49453230	0.61	0.41	0.6222	High
chr18	51670367	51672502	-0.299	-0.233	0.159068	Low
chr18	57678677	57678999	0.202	0.32	0.105444	High
chr18	61616629	61616864	-0.269	-0.253	0.140418	Low
chr18	62580770	62581605	0.423	0.682	0.467415	High
chr18	67291776	67300023	0.09	0.087	0.01593	High
chr18	68537505	68539682	-0.423	-0.233	0.277488	Low
chr18	72229524	72229839	0.398	0.342	0.29452	High
chr18	75591053	75591370	0.322	0.277	0.192878	High
chr18	76653407	76653712	0.143	0.049	0.027456	High
chr18	78502661	78502800	0.392	0.218	0.23912	High
chr18	78717566	78717635	0.188	0.301	0.091932	High
chr18	78835263	78835784	-0.137	-0.128	0.036305	Low
chr18	79525259	79525357	0.122	0.202	0.039528	High
chr18	79808251	79808730	0.077	0.109	0.014322	High
chr18	79888370	79888486	0.133	0.181	0.041762	High
chr19	332993	333689	0.181	0.231	0.074572	High
chr19	360162	361696	0.449	0.323	0.346628	High
chr19	388197	388358	0.224	0.092	0.070784	High
chr19	398537	398594	0.08	0.103	0.01464	High
chr19	423253	423557	-0.343	-0.311	0.224322	Low
chr19	426503	426607	0.089	0.071	0.01424	High
chr19	432344	432807	0.373	0.012	0.143605	High
chr19	492842	492977	0.321	0.311	0.202872	High
chr19	540422	540797	0.077	0.103	0.01386	High
chr19	605375	605477	-0.168	-0.155	0.054264	Low
chr19	667276	667338	0.182	0.209	0.071162	High
chr19	786550	786694	-0.138	-0.031	0.023322	Low
chr19	981263	981580	-0.071	-0.101	0.012212	Low
chr19	1034038	1034319	0.058	0.25	0.017864	High
chr19	1950285	1951825	-0.082	-0.056	0.011316	Low
chr19	2805820	2805875	0.153	0.203	0.054468	High
chr19	2836113	2836194	-0.092	-0.024	0.010672	Low
chr19	2928699	2929159	0.447	0.797	0.556068	High
chr19	3173999	3175515	-0.1	-0.171	0.0271	Low
chr19	4618584	4619567	-0.449	-0.4	0.381201	Low
chr19	4885429	4885988	0.214	0.14	0.075756	High
chr19	5509790	5510757	0.495	-0.139	0.17622	Others
chr19	8264954	8268533	0.272	0.229	0.136272	High
chr19	12053911	12066781	-0.31	-0.314	0.19344	Low
chr19	12170037	12170170	0.336	0.046	0.128352	High
chr19	12445919	12447501	0.24	0.32	0.1344	High
chr19	19930529	19930581	0.088	0.345	0.038104	High
chr19	20063870	20064187	0.529	0.039	0.300472	High
chr19	20065907	20066216	0.363	0.311	0.244662	High
chr19	21568002	21568910	-0.346	-0.363	0.245314	Low
chr19	22107145	22107319	0.519	0.493	0.525228	High
chr19	22585345	22585667	0.215	0.265	0.1032	High
chr19	22756178	22756761	-0.252	0.024	0.057456	Others
chr19	27380613	27381092	-0.106	-0.162	0.028408	Low
chr19	30796565	30798837	-0.633	-0.614	0.789351	Low
chr19	35170176	35174893	0.12	0.177	0.03564	High
chr19	39898333	39898876	0.202	0.112	0.063428	High
chr19	39900185	39900497	0.421	-0.068	0.148613	Others
chr19	40107182	40109852	0.332	0.262	0.197208	High
chr19	40117180	40119394	0.429	0.302	0.313599	High
chr19	41643857	41646303	0.169	0.275	0.075036	High
chr19	46314067	46315467	0.261	-0.034	0.059247	Others
chr19	46438789	46440203	-0.405	0.171	0.09477	Others
chr19	48956919	48957521	0.338	0.343	0.230178	High
chr19	50118374	50120657	0.059	0.188	0.014573	High
chr19	51672676	51674259	-0.286	-0.293	0.165594	Low
chr19	53185916	53188697	0.741	0.928	1.23673	High
chr19	55096807	55096960	0.352	0.447	0.281248	High
chr19	55125626	55126227	0.391	-0.091	0.1173	Others
chr19	56079917	56080330	0.372	-0.079	0.108996	Others
chr19	56080447	56080653	-0.501	-0.486	0.494487	Low
chr19	56105942	56106016	0.285	0.342	0.178695	High
chr19	56176450	56176649	-0.152	-0.062	0.032528	Low
chr19	58600304	58600582	-0.339	-0.222	0.190179	Low
chr19	58607003	58607096	0.295	0.422	0.211515	High
chr20	1839721	1839900	0.098	0.207	0.02989	High
chr20	3440968	3441290	0.113	0.07	0.020679	High
chr20	5027652	5027915	-0.101	-0.012	0.011413	Low
chr20	6170298	6170629	0.549	0.632	0.648369	High
chr20	16227177	16227574	0.722	0.174	0.646912	High
chr20	19080772	19081084	0.518	0.385	0.467754	High
chr20	24476187	24477000	-0.24	0.141	0.02376	Others
chr20	26279948	26281141	-0.102	-0.132	0.023868	Low
chr20	26459316	26460676	-0.147	-0.113	0.03822	Low
chr20	26475307	26478701	0.121	0.068	0.022869	High
chr20	26480743	26482106	0.08	0.119	0.01592	High
chr20	28939901	28940242	0.116	0.124	0.02784	High
chr20	29285727	29285880	0.272	0.238	0.13872	High
chr20	29342529	29343421	0.159	0.014	0.027507	High
chr20	29515521	29516417	-0.507	-0.47	0.495339	Low
chr20	29922398	29923252	-0.084	-0.081	0.01386	Low
chr20	29930040	29930721	-0.186	-0.26	0.082956	Low
chr20	29936241	29937098	-0.098	-0.103	0.019698	Low
chr20	29952095	29952604	-0.215	-0.3	0.110725	Low
chr20	29961639	29962319	0.077	0.1	0.013629	High
chr20	29966725	29967581	0.26	0.133	0.10218	High
chr20	30105112	30105785	0.08	0.098	0.01424	High
chr20	30113283	30113964	-0.181	-0.133	0.056834	Low
chr20	30126894	30127405	0.158	0.045	0.032074	High
chr20	30358925	30364656	0.203	0.251	0.092162	High
chr20	30845763	30848042	-0.258	-0.244	0.129516	Low
chr20	32723063	32724964	0.102	0.068	0.01734	High
chr20	33699936	33700109	0.354	0.31	0.235056	High
chr20	37548807	37549128	-0.104	-0.124	0.023712	Low
chr20	39708990	39709126	-0.153	-0.094	0.037791	Low
chr20	41555130	41555256	0.633	0.459	0.691236	High
chr20	43395954	43397151	-0.386	-0.401	0.303782	Low
chr20	49108128	49108454	0.164	0.221	0.06314	High
chr20	52142651	52144388	0.224	0.067	0.065184	High
chr20	55967128	55967231	0.121	0.026	0.017787	High
chr20	60087440	60087580	-0.175	-0.037	0.0371	Low
chr20	60307142	60307267	0.181	0.181	0.065522	High
chr20	61101128	61101344	0.161	0.163	0.052164	High
chr20	61102006	61102508	0.158	-0.008	0.0237	Others
chr20	61399110	61399430	0.156	0.152	0.048048	High
chr20	62373538	62373676	0.182	0.108	0.05278	High
chr20	63134923	63135275	0.361	0.287	0.233928	High
chr20	63479918	63480043	-0.538	-0.564	0.592876	Low
chr20	63670043	63670441	0.222	0.143	0.08103	High
chr20	63777047	63777136	0.207	0.17	0.078039	High
chr20	64270802	64270909	0.77	0.62	1.0703	High
chr20	64314319	64326708	-0.066	-0.114	0.01188	Low
chr21	5301088	5301433	0.33	0.57	0.297	High
chr21	5307342	5308196	-0.419	-0.228	0.271093	Low
chr21	7238380	7239063	-0.168	-0.142	0.05208	Low
chr21	7239817	7240491	0.42	0.386	0.33852	High
chr21	8019693	8022072	-0.622	-0.53	0.716544	Low
chr21	8548774	8548889	0.631	0.462	0.689683	High
chr21	9002886	9003209	0.166	0.175	0.056606	High
chr21	9101395	9101695	0.281	0.083	0.102284	High
chr21	9614314	9614396	0.1	0.05	0.015	High
chr21	9836094	9837493	0.427	0.067	0.210938	High
chr21	10404030	10415673	0.086	0.393	0.041194	High
chr21	10419898	10422650	0.156	-0.023	0.020748	Others
chr21	10543002	10543299	0.277	0.119	0.109692	High
chr21	14088467	14089535	0.436	0.747	0.515788	High
chr21	23002473	23003086	-0.478	-0.22	0.333644	Low
chr21	24391887	24392213	0.513	0.582	0.561735	High
chr21	28340714	28341802	0.091	0.246	0.030667	High
chr21	28780315	28780448	-0.125	-0.038	0.020375	Low
chr21	36492138	36492459	0.566	0.456	0.578452	High
chr21	40585321	40585439	0.127	0.109	0.029972	High
chr21	42587706	42589541	0.254	0	0.064516	Others
chr21	42589890	42590144	0.28	-0.007	0.07644	Others
chr21	42590247	42590297	-0.124	-0.126	0.031	Low
chr21	42848525	42848650	0.439	0.331	0.33803	High
chr21	44430402	44430727	0.183	0.269	0.082716	High
chr21	45365241	45365304	0.474	0.316	0.37446	High
chr21	45393762	45393868	-0.155	-0.101	0.03968	Low
chr21	45524103	45524405	0.74	0.509	0.92426	High
chr21	45898819	45898906	0.31	0.088	0.12338	High
chr21	45968107	45969809	-0.099	-0.089	0.018612	Low
chr21	46698968	46699083	0.105	0.585	0.07245	High
chr22	10699441	10699493	0.593	0.595	0.704484	High
chr22	10728186	10729365	-0.315	-0.133	0.14112	Low
chr22	11058536	11060342	0.209	-0.063	0.030514	Others
chr22	11588146	11588323	0.34	0.144	0.16456	High
chr22	12328827	12331038	0.107	0.166	0.029211	High
chr22	12341361	12347005	0.26	0.117	0.09802	High
chr22	12370301	12370810	0.273	0.19	0.126399	High
chr22	12533693	12535904	0.094	0.104	0.018612	High
chr22	15944066	15945429	0.254	0.192	0.113284	High
chr22	16004065	16004747	0.264	0.287	0.145464	High
chr22	16164937	16165278	0.282	0.504	0.221652	High
chr22	16386823	16386967	-0.689	-0.671	0.93704	Low
chr22	17136069	17136382	0.341	0.25	0.201531	High
chr22	17388852	17389665	-0.252	-0.307	0.140868	Low
chr22	19726545	19726604	-0.077	-0.059	0.010472	Low
chr22	24316820	24317522	0.655	0.439	0.71657	High
chr22	25054080	25056684	-0.383	-0.392	0.296825	Low
chr22	28781333	28781649	0.302	0.404	0.213212	High
chr22	35249171	35250145	-0.46	-0.474	0.42964	Low
chr22	36316980	36317085	0.553	0.463	0.561848	High
chr22	41744474	41744795	0.347	0.258	0.209935	High
chr22	43834488	43834907	0.323	0.332	0.211565	High
chr22	44306277	44306591	0.095	0.105	0.019	High
chr22	46621504	46621647	0.034	0.288	0.010948	High
chr22	47162615	47162688	0.043	0.232	0.011825	High
chr22	47211926	47212305	0.466	0.358	0.383984	High
chr22	48249398	48249715	0.175	0.087	0.04585	High
chr22	49319853	49321517	0.282	0.005	0.080934	High
chr22	49384485	49386012	-0.736	-0.674	1.03776	Low
chr22	49433328	49433572	0.183	0.586	0.140727	High
chr22	49667689	49668031	0.341	0.257	0.203918	High
chr22	50053911	50053987	-0.538	-0.457	0.53531	Low
chr22	50434442	50434738	0.23	0.231	0.10603	High
